"01-01-2014",1.7,1.7,1.2,0.9,0.9,0.9,0.7,0.6,0.7,0.8,0.8,0.9,1.0,1.0,1.1,1.0,1.0,1.2,0.9,1.1,1.3,1.2,0.8,0.8
"02-01-2014",1.0,0.9,0.7,0.6,0.5,0.5,0.8,1.1,1.1,0.9,0.9,0.9,0.8,0.9,1.1,1.3,1.1,1.5,1.9,2.1,2.3,2.1,1.8,1.8
"03-01-2014",1.7,2.7,3.3,1.8,1.6,1.6,2.1,2.7,3.5,2.6,2.1,1.1,1.1,1.0,0.9,0.8,0.9,1.3,2.2,2.7,3.1,2.6,2.3,2.1
"04-01-2014",1.8,2.2,2.0,1.6,1.1,0.8,1.2,1.7,2.1,2.2,1.2,1.1,1.0,0.9,1.1,1.0,1.4,1.6,1.9,2.6,3.3,4.0,3.5,3.0
"05-01-2014",3.0,3.4,2.6,2.5,1.8,1.8,1.6,1.7,1.8,1.9,1.9,1.1,0.7,0.7,0.6,0.5,0.6,0.7,1.1,0.8,1.2,0.4,0.5,1.1
"06-01-2014",1.6,1.7,0.7,0.4,0.3,0.3,0.3,0.3,0.4,0.4,0.4,0.5,0.5,0.6,0.5,0.5,0.6,1.2,1.7,2.3,2.7,1.9,1.7,1.6
"07-01-2014",1.1,0.9,0.7,0.5,0.5,0.7,1.0,1.5,2.0,1.8,2.0,2.1,2.2,2.1,1.8,1.9,1.7,2.1,2.2,2.0,2.2,2.0,1.6,1.3
"08-01-2014",0.8,0.7,0.7,0.6,0.4,0.5,0.6,0.9,1.1,0.9,1.0,1.1,1.0,1.0,1.0,1.1,1.0,0.9,1.1,0.9,0.8,0.7,0.5,0.5
"09-01-2014",0.4,0.3,0.3,0.3,0.4,0.7,0.8,0.9,1.3,2.1,1.7,1.1,1.2,1.1,1.1,1.0,1.1,1.7,2.6,3.5,3.5,2.7,2.4,2.7
"10-01-2014",3.0,2.6,2.1,1.9,1.5,1.8,2.5,3.6,4.2,3.2,1.8,1.2,1.0,0.9,0.9,0.8,0.8,1.1,0.7,0.7,0.7,0.5,0.5,0.7
"11-01-2014",2.9,3.1,2.6,2.3,1.6,1.5,1.5,1.5,1.7,2.2,1.7,1.0,0.9,0.8,0.7,0.6,0.7,0.7,0.8,0.8,0.7,0.7,0.6,0.7
"12-01-2014",1.2,1.7,1.7,1.9,2.4,2.5,1.7,1.7,1.5,1.7,1.2,0.8,0.6,0.5,0.4,0.6,0.5,0.7,0.8,0.9,1.4,2.7,3.2,5.5
"13-01-2014",4.1,2.7,1.9,1.2,0.9,1.0,1.6,2.3,3.5,2.9,2.4,2.5,2.0,1.9,2.0,2.4,2.1,2.9,2.2,1.9,2.0,2.1,1.9,1.3
"14-01-2014",1.0,0.9,0.7,0.7,0.6,0.8,1.4,2.1,2.6,2.1,2.0,1.5,1.4,1.3,1.0,1.0,1.0,1.2,1.3,2.5,2.9,2.2,2.0,1.8
"15-01-2014",1.6,1.3,1.2,1.0,0.7,1.1,0.8,2.0,1.6,2.1,0.8,0.8,0.7,0.6,0.8,0.8,0.5,0.6,0.7,0.5,0.6,0.5,0.4,0.3
"16-01-2014",0.3,0.5,0.5,0.6,0.6,1.0,1.5,2.1,3.1,2.3,1.1,1.0,1.0,1.1,1.2,1.0,0.8,0.8,1.4,1.0,2.4,5.3,4.5,3.5
"17-01-2014",3.8,3.3,2.6,1.9,1.4,1.6,2.4,3.0,3.6,3.4,1.6,1.0,0.8,0.7,0.7,0.8,0.8,1.1,1.1,1.7,3.4,4.6,4.8,1.5
"18-01-2014",0.7,0.5,0.6,0.4,0.5,0.7,0.7,0.6,0.8,0.7,0.6,0.6,0.6,0.8,0.7,0.7,0.9,1.1,1.1,2.0,2.5,2.3,4.5,4.8
"19-01-2014",5.6,4.5,3.8,3.5,3.2,3.2,2.3,2.3,2.5,2.3,1.5,0.5,0.6,0.5,0.4,0.5,0.4,0.5,0.5,0.4,0.5,0.5,0.4,0.3
"20-01-2014",0.3,0.3,0.3,0.3,0.3,0.3,0.4,0.6,0.7,0.6,0.7,0.7,0.6,0.7,0.7,0.7,0.6,0.7,0.8,0.7,0.6,0.6,0.5,0.4
"21-01-2014",0.3,0.3,0.3,0.3,0.3,0.3,0.4,0.6,1.0,0.8,0.7,0.8,0.7,0.7,0.8,0.7,0.6,0.9,1.0,0.6,0.8,0.7,0.4,0.4
"22-01-2014",0.5,0.5,0.4,0.3,0.3,0.5,1.0,1.5,1.4,1.0,0.7,0.7,-9999,0.8,1.0,0.8,0.7,0.8,0.7,0.7,0.6,0.7,0.6,0.9
"23-01-2014",0.5,0.4,0.4,0.3,0.4,0.4,0.7,0.7,0.9,0.7,0.8,0.7,0.8,0.8,0.8,0.7,0.7,1.1,1.0,0.9,0.9,0.7,0.6,0.5
"24-01-2014",0.4,0.3,0.3,0.3,0.6,1.1,1.6,2.3,3.2,3.5,3.0,2.1,1.3,1.3,1.0,0.7,0.5,0.7,0.7,0.5,0.6,0.5,0.4,0.3
"25-01-2014",0.4,0.5,0.4,0.3,0.3,0.4,0.4,0.4,0.6,0.5,0.6,0.6,0.6,0.7,0.7,0.7,0.8,0.6,0.4,0.6,0.5,0.8,0.6,0.4
"26-01-2014",0.6,0.6,0.6,0.6,0.5,0.5,0.5,0.5,0.5,0.8,0.7,0.6,0.6,0.6,0.6,0.5,0.6,0.7,0.7,0.8,0.8,0.8,0.6,0.7
"27-01-2014",0.6,0.5,0.4,0.4,0.5,0.5,0.6,0.8,1.0,1.0,1.0,1.1,1.1,1.1,1.1,1.1,1.0,1.5,1.7,1.9,2.0,2.2,2.2,2.1
"28-01-2014",1.9,1.3,0.9,0.8,0.8,1.0,1.3,2.0,2.7,2.7,3.1,3.0,2.3,2.2,2.1,2.5,3.0,2.9,3.3,3.0,3.6,2.1,1.7,0.7
"29-01-2014",0.5,0.5,0.4,0.3,0.3,0.4,0.5,0.7,0.8,0.7,0.9,0.8,0.8,1.0,1.2,1.4,0.9,1.1,1.0,0.9,1.1,0.9,0.7,0.6
"30-01-2014",1.0,1.6,1.6,1.1,1.2,1.2,1.8,2.4,3.3,2.4,1.6,1.1,1.0,0.7,0.7,0.8,0.8,1.0,2.6,2.8,2.7,2.3,1.8,1.5
"31-01-2014",1.1,0.9,0.6,0.5,0.5,0.6,0.8,1.1,1.4,1.5,1.7,1.7,1.9,1.6,1.7,1.6,1.3,1.4,1.6,1.3,1.4,1.1,0.8,0.6
"01-02-2014",0.7,0.5,0.5,0.4,0.5,0.5,0.6,0.6,0.8,1.0,1.1,1.2,1.6,1.4,1.1,1.2,1.1,1.0,0.9,1.0,0.8,0.9,0.9,0.9
"02-02-2014",0.7,0.6,0.5,0.5,0.4,0.6,0.5,0.6,0.5,0.7,0.8,0.8,0.7,0.9,0.8,0.7,0.9,0.7,0.8,1.0,0.7,0.7,0.6,0.6
"03-02-2014",0.5,0.4,0.4,0.4,0.4,0.4,0.6,0.9,1.2,1.1,1.1,1.1,1.2,1.3,1.4,1.6,1.2,1.2,1.1,1.0,0.8,0.8,0.6,0.5
"04-02-2014",0.5,0.4,0.3,0.3,0.4,0.5,0.7,1.1,1.2,0.9,1.1,1.1,1.2,1.2,1.2,1.3,1.1,1.2,1.3,1.3,1.7,1.4,1.0,0.8
"05-02-2014",0.8,0.6,0.5,0.4,0.4,0.5,0.8,1.2,1.8,1.6,2.0,1.3,0.9,1.1,1.2,0.9,0.9,0.9,1.5,1.7,1.9,1.9,1.7,1.6
"06-02-2014",1.4,1.2,1.0,0.7,0.6,0.8,1.3,1.9,2.0,1.9,1.0,0.9,0.9,0.7,0.7,0.6,0.6,1.0,0.9,2.2,2.3,1.7,0.9,0.8
"07-02-2014",0.6,0.4,0.4,0.3,0.4,0.5,0.8,1.4,1.5,1.2,1.4,1.2,1.0,1.0,0.9,0.8,1.0,1.0,0.9,1.2,1.2,1.1,1.0,1.1
"08-02-2014",2.3,3.8,3.4,3.2,2.6,3.1,2.7,2.4,2.9,1.5,0.6,0.7,0.6,0.5,0.5,0.5,0.5,0.5,0.5,0.6,0.6,1.2,1.1,2.1
"09-02-2014",2.9,2.1,1.7,1.6,1.2,0.3,0.4,0.7,0.9,1.6,0.9,0.6,0.7,0.4,0.4,0.5,0.5,0.5,0.7,0.7,0.8,1.1,0.6,0.5
"10-02-2014",0.5,0.6,0.4,0.3,0.4,0.7,0.8,0.9,2.1,1.0,0.7,0.7,0.6,0.6,0.6,0.6,0.6,0.8,0.8,1.1,1.3,1.8,2.9,3.2
"11-02-2014",3.2,3.1,3.0,2.3,1.6,1.7,1.8,2.6,2.6,1.7,0.7,0.7,0.6,0.6,0.6,0.6,0.6,1.0,1.0,0.9,1.1,0.8,0.6,0.5
"12-02-2014",0.4,0.4,0.4,0.4,0.3,0.4,1.2,1.3,0.7,0.6,0.5,0.5,0.5,0.6,0.6,0.7,0.7,0.7,0.6,0.5,0.5,0.4,0.6,0.5
"13-02-2014",0.4,0.3,0.3,0.3,0.4,0.5,0.8,1.1,1.2,0.9,1.0,1.0,1.0,0.7,0.7,0.7,0.7,0.8,1.0,1.2,1.3,2.0,2.5,0.9
"14-02-2014",0.6,0.9,1.6,0.9,1.0,1.0,1.8,1.7,1.5,1.1,0.7,0.7,0.9,0.8,0.8,0.8,0.8,0.9,1.0,1.1,1.0,0.6,0.6,0.8
"15-02-2014",1.0,0.9,0.7,0.6,0.5,0.6,0.5,0.6,0.6,0.7,0.6,0.6,0.7,0.9,1.0,0.9,1.1,1.1,1.1,1.1,1.3,1.3,1.3,1.4
"16-02-2014",1.4,1.5,1.7,1.6,1.2,1.3,1.4,1.5,1.5,0.9,1.1,0.6,0.7,0.5,0.5,0.5,0.5,0.6,0.7,0.9,1.1,1.4,1.9,2.1
"17-02-2014",3.4,3.1,2.4,2.1,1.9,1.9,2.1,3.5,3.6,1.8,1.3,1.0,1.0,0.9,0.8,0.8,0.7,0.8,0.8,0.8,0.8,0.8,1.0,1.6
"18-02-2014",2.6,2.9,2.6,2.3,1.9,1.9,2.2,3.5,3.3,2.6,1.0,1.0,1.0,0.8,0.7,0.9,0.6,0.8,1.5,2.3,2.0,2.6,3.6,3.8
"19-02-2014",3.7,2.9,2.4,1.8,1.4,1.5,1.2,1.3,1.6,1.2,0.7,0.8,0.9,0.7,0.6,0.7,0.6,0.7,0.9,1.1,1.9,1.6,1.1,0.5
"20-02-2014",0.4,0.3,0.3,0.3,0.3,0.3,0.5,0.7,1.1,0.9,0.7,0.6,0.7,0.5,0.7,0.5,0.7,0.8,0.8,0.8,1.0,0.8,0.5,0.5
"21-02-2014",0.4,0.4,0.4,0.7,1.2,1.1,1.3,2.7,2.1,1.9,0.7,0.7,0.8,0.8,0.9,0.6,0.8,0.9,1.5,1.3,1.6,1.6,1.9,1.2
"22-02-2014",0.9,0.7,0.8,0.7,0.7,0.9,1.1,1.0,1.0,1.0,0.8,0.7,0.8,0.6,0.7,0.5,0.5,0.6,0.6,0.5,0.6,0.6,0.6,0.5
"23-02-2014",0.4,0.4,0.4,0.4,0.4,0.5,0.6,0.9,0.6,0.6,0.7,0.7,0.8,0.7,0.6,0.6,0.6,0.7,0.9,1.5,1.3,1.0,1.2,0.7
"24-02-2014",0.5,0.4,0.4,0.4,0.4,0.6,0.9,1.3,1.3,1.5,1.5,1.9,1.6,1.8,1.2,1.1,0.9,0.9,0.9,0.8,0.9,0.8,0.7,0.5
"25-02-2014",0.5,0.4,0.4,0.4,0.4,0.5,0.7,1.0,1.2,1.2,1.0,1.2,1.2,1.2,1.5,1.2,1.6,1.8,2.0,2.1,2.1,1.6,1.3,1.2
"26-02-2014",1.1,0.7,0.5,0.4,0.5,0.7,1.1,1.6,2.0,1.7,0.9,1.0,0.8,0.8,0.9,0.8,0.8,0.9,0.9,0.9,0.7,0.8,1.0,1.6
"27-02-2014",1.8,1.7,2.1,1.4,1.4,1.7,2.1,3.1,2.7,1.3,1.1,1.0,0.9,0.8,0.9,0.8,0.7,1.1,0.9,1.2,1.3,1.2,1.0,2.0
"28-02-2014",2.5,1.8,1.6,1.4,1.3,1.7,2.0,2.7,3.3,2.8,1.2,1.3,1.1,1.0,1.0,1.0,0.8,0.9,1.0,0.9,0.7,0.5,0.4,0.4
"01-03-2014",0.3,0.4,0.4,0.4,0.5,0.5,0.8,0.8,1.4,2.3,1.6,0.6,0.6,0.8,0.6,0.7,0.6,1.1,1.5,1.6,1.3,1.3,1.1,1.3
"02-03-2014",1.4,0.4,0.4,0.4,0.3,0.6,0.6,0.9,0.6,0.5,0.5,0.5,0.6,0.5,0.5,0.4,0.5,0.6,0.7,0.6,0.8,1.4,2.4,1.3
"03-03-2014",0.4,0.3,0.3,0.3,0.3,0.3,0.3,0.3,0.3,0.3,0.3,0.4,0.4,0.4,0.4,0.5,0.5,0.6,0.8,0.7,0.9,0.9,1.0,1.0
"04-03-2014",0.6,0.6,0.4,0.3,0.3,0.4,0.7,1.0,0.9,0.9,0.8,0.6,0.9,0.9,0.8,1.0,0.7,0.8,0.7,0.6,0.7,0.5,0.4,0.3
"05-03-2014",0.3,0.3,0.3,0.3,0.4,0.9,1.7,2.6,3.0,2.2,1.1,0.8,0.8,0.9,0.8,0.8,0.7,0.6,1.3,1.6,1.2,1.0,0.9,1.1
"06-03-2014",2.5,2.5,2.1,1.5,1.3,1.6,1.9,3.0,3.1,1.8,0.9,0.8,0.9,0.8,0.6,0.7,0.7,0.6,0.9,1.0,1.4,2.0,1.9,1.9
"07-03-2014",1.7,1.6,0.3,0.5,0.7,0.9,1.3,2.0,2.4,1.0,1.0,0.6,0.8,0.7,0.8,1.5,1.6,2.0,1.9,1.7,2.2,1.4,1.3,1.1
"08-03-2014",0.8,0.6,0.5,0.4,0.6,0.6,0.6,0.7,0.9,0.8,0.9,1.2,1.5,1.5,1.3,1.3,0.9,0.9,0.9,0.9,1.0,0.9,0.8,0.7
"09-03-2014",0.6,0.5,0.4,0.5,0.4,0.5,0.5,0.5,0.5,0.6,0.9,0.7,0.8,0.8,0.7,0.8,0.8,0.9,0.8,0.9,0.9,0.8,0.7,0.6
"10-03-2014",0.6,0.5,0.4,0.4,0.4,0.5,0.7,0.8,0.9,1.0,0.9,0.9,0.9,0.8,0.8,0.8,0.9,0.9,0.9,1.0,0.8,0.7,0.7,0.6
"11-03-2014",0.5,0.4,0.4,0.4,0.5,0.6,0.7,0.9,0.9,0.9,0.8,0.9,1.0,0.8,0.9,0.9,1.0,1.3,1.0,0.9,0.9,0.8,0.6,0.6
"12-03-2014",0.4,0.4,0.4,0.4,0.5,0.6,0.6,0.8,0.9,0.9,0.9,1.0,1.0,1.0,0.9,1.0,1.0,1.0,1.0,1.2,1.6,1.6,1.9,2.1
"13-03-2014",2.1,1.4,1.0,1.0,0.8,0.9,1.1,1.8,1.4,1.2,1.3,1.1,1.3,1.1,1.0,1.0,0.8,1.0,1.2,2.0,1.7,1.5,1.1,1.1
"14-03-2014",1.1,0.9,0.7,0.7,0.6,0.8,0.9,1.4,1.7,0.9,0.9,1.1,1.5,1.0,0.8,0.8,0.7,0.9,1.3,1.7,2.2,2.2,1.6,1.9
"15-03-2014",2.4,2.1,1.5,1.4,1.2,1.1,1.0,1.7,1.6,0.9,0.8,0.7,0.8,0.6,0.7,0.6,0.6,0.7,0.7,0.5,0.7,0.8,0.5,0.8
"16-03-2014",0.9,1.2,1.4,1.5,1.7,1.4,1.5,2.1,0.8,0.5,0.6,0.8,0.7,0.6,0.5,0.5,0.5,0.6,0.6,0.7,0.8,0.8,1.2,2.1
"17-03-2014",1.9,1.5,1.3,1.2,1.5,1.4,1.9,2.1,1.9,1.4,0.9,1.2,1.2,1.2,1.2,1.4,0.9,1.1,1.0,0.9,0.8,0.8,0.8,1.3
"18-03-2014",1.4,1.6,1.2,1.2,1.0,1.1,1.8,2.6,1.9,1.4,0.9,0.8,0.8,0.7,0.7,0.6,0.6,0.8,0.9,1.9,2.3,1.7,0.9,2.3
"19-03-2014",1.2,1.9,1.3,1.1,1.2,1.3,1.7,2.4,2.1,1.0,0.8,0.7,0.8,0.7,0.8,0.7,0.5,0.7,0.9,1.0,0.8,0.7,0.5,0.5
"20-03-2014",0.4,0.4,0.9,0.9,0.4,1.1,0.8,0.7,0.9,0.8,1.3,1.5,1.4,1.4,1.4,1.4,1.5,1.6,1.5,1.6,1.4,1.1,0.9,1.1
"21-03-2014",1.1,1.0,0.9,0.7,0.6,0.8,1.3,1.1,1.3,1.5,1.5,1.5,1.8,1.3,1.2,0.9,1.0,1.1,1.1,1.2,1.8,1.2,0.8,0.8
"22-03-2014",0.8,0.6,1.1,1.2,1.0,1.2,1.2,1.2,0.9,0.5,0.5,0.6,0.9,0.6,0.7,0.5,0.4,0.5,0.6,0.6,0.6,0.7,0.8,0.7
"23-03-2014",0.6,0.5,0.9,0.9,0.8,1.3,1.4,1.0,0.6,0.5,0.5,0.5,0.5,0.5,0.5,0.5,0.4,0.5,0.5,0.5,0.9,0.7,0.5,0.6
"24-03-2014",0.5,0.5,0.5,0.4,0.6,1.2,1.5,2.1,1.3,0.8,1.0,0.7,0.7,0.7,0.7,0.5,0.5,0.6,0.7,0.8,0.7,0.8,0.9,0.6
"25-03-2014",0.4,0.3,0.3,0.3,0.3,0.3,0.4,0.4,0.4,0.4,0.5,0.5,0.5,0.6,0.5,0.5,0.5,0.5,0.6,0.6,0.7,0.6,0.5,0.4
"26-03-2014",0.4,0.3,0.3,0.3,0.4,0.4,0.9,0.8,0.8,0.7,0.8,0.7,0.7,0.6,0.6,0.6,0.5,0.6,0.7,0.6,0.7,0.6,0.7,0.5
"27-03-2014",0.4,0.3,0.3,0.3,0.3,0.5,0.7,0.8,0.7,0.6,0.8,0.6,0.7,0.7,0.7,0.6,0.5,0.9,0.8,0.9,0.8,0.9,0.4,0.4
"28-03-2014",0.4,0.3,0.3,0.3,0.4,0.4,0.6,0.7,0.9,1.0,1.0,0.9,0.8,0.8,0.6,0.6,0.7,0.8,0.9,0.9,1.0,0.8,0.6,0.8
"29-03-2014",0.8,0.5,0.4,0.4,0.4,0.4,0.5,0.5,0.5,0.7,0.8,0.9,0.9,0.9,1.0,0.7,0.8,0.8,0.9,0.9,0.7,0.8,0.7,0.7
"30-03-2014",0.6,0.8,0.7,0.6,0.5,0.5,0.5,0.6,0.6,0.8,0.8,0.7,0.8,0.6,0.6,0.7,0.8,0.7,0.7,0.8,0.8,0.7,0.7,0.6
"31-03-2014",0.5,0.4,0.4,0.5,0.7,1.2,2.2,2.3,1.1,-9999,1.1,1.1,0.9,0.9,0.8,0.6,0.7,0.7,0.7,0.7,0.8,0.6,0.6,0.5
"01-04-2014",0.4,0.5,0.7,0.7,0.8,0.9,1.3,2.2,3.0,1.1,1.0,0.8,0.8,0.7,0.6,0.6,0.6,0.7,0.7,0.6,0.8,0.8,0.6,0.7
"02-04-2014",0.7,0.9,0.8,0.6,1.3,1.5,2.0,2.7,3.3,1.9,1.3,0.9,0.8,0.9,0.8,0.7,0.6,0.7,0.8,0.7,0.7,0.8,0.6,0.6
"03-04-2014",0.6,0.5,0.4,0.5,0.7,1.4,2.2,3.0,2.9,2.1,1.2,1.2,1.1,1.1,1.0,0.7,0.6,0.7,0.8,0.8,0.9,0.7,0.6,0.6
"04-04-2014",0.5,0.8,0.4,0.4,0.4,0.5,0.5,0.6,0.7,0.6,0.7,0.7,0.8,0.6,0.7,0.5,0.8,0.7,1.0,0.8,0.8,0.7,0.5,0.5
"05-04-2014",0.5,0.4,0.3,0.3,0.3,0.5,0.4,0.6,0.6,0.6,0.6,0.7,0.7,0.6,0.5,0.6,0.5,0.5,0.4,0.5,0.6,0.5,0.4,0.4
"06-04-2014",0.4,0.4,0.5,0.4,0.4,0.4,0.4,0.4,0.4,0.4,0.4,0.4,0.5,0.5,0.4,0.5,0.4,0.5,0.4,0.6,0.9,0.6,0.6,0.5
"07-04-2014",0.5,0.7,0.9,0.6,0.6,0.7,0.9,1.4,1.8,1.6,1.4,1.4,1.4,1.8,1.4,1.2,0.8,0.5,0.5,0.8,0.9,0.7,0.6,0.5
"08-04-2014",0.4,0.4,0.4,0.5,0.3,0.5,0.7,1.4,1.2,1.2,1.0,0.9,1.0,0.9,0.9,0.7,0.7,0.7,0.8,0.9,0.9,0.8,0.6,0.6
"09-04-2014",0.7,1.0,1.1,1.0,0.9,1.1,1.4,2.3,2.5,1.3,1.1,0.8,0.7,0.5,0.7,0.6,0.6,0.6,0.5,0.5,0.7,0.7,0.5,0.5
"10-04-2014",0.4,0.4,0.3,0.3,0.3,0.4,0.7,0.7,1.0,0.8,1.0,1.2,1.1,0.9,1.1,0.6,0.7,0.8,0.8,1.2,1.4,1.0,0.6,0.4
"11-04-2014",0.5,0.3,0.4,0.3,0.4,0.5,0.8,1.1,1.1,0.9,1.0,0.8,0.9,0.7,0.7,0.6,0.6,0.7,0.8,0.8,1.1,0.8,0.6,0.7
"12-04-2014",0.6,0.4,0.4,0.3,0.4,0.4,0.8,1.2,0.8,0.8,0.7,0.9,0.7,0.6,0.5,0.5,0.5,0.4,0.5,0.5,0.5,0.6,0.6,0.7
"13-04-2014",1.0,1.2,1.1,1.1,0.8,0.9,1.2,1.1,1.0,0.6,0.7,0.7,0.6,0.5,0.5,0.6,0.5,0.8,0.5,0.6,0.7,0.6,0.5,0.5
"14-04-2014",0.6,1.0,0.9,0.8,0.9,0.8,1.0,1.3,1.8,1.7,1.6,1.7,1.2,0.8,1.0,0.9,0.8,0.8,0.7,0.9,1.0,1.0,0.5,0.6
"15-04-2014",0.7,1.0,1.1,1.0,1.0,1.2,2.0,2.3,1.9,1.2,0.8,0.8,0.7,0.7,0.6,0.6,0.4,0.5,0.8,0.8,0.8,1.0,0.6,0.6
"16-04-2014",0.5,0.4,0.4,0.4,0.6,0.8,1.7,1.8,0.9,0.8,0.9,0.8,0.7,0.7,0.7,0.6,0.6,0.6,0.6,0.7,0.9,0.7,0.5,0.5
"17-04-2014",0.4,0.3,0.3,0.3,0.4,0.4,0.9,1.1,1.0,1.0,1.1,0.8,1.1,1.1,0.9,1.0,0.6,0.6,0.6,0.7,0.6,0.7,0.7,0.5
"18-04-2014",0.4,0.4,0.3,0.3,0.3,0.4,0.6,0.7,0.5,0.4,0.5,0.5,0.6,0.7,0.6,0.6,0.6,0.5,0.6,0.6,0.5,0.5,0.6,0.6
"19-04-2014",0.4,0.3,0.3,0.4,0.4,0.4,0.5,0.5,0.5,0.4,0.6,0.5,0.5,0.6,0.5,0.5,0.5,0.4,0.5,0.6,0.5,0.5,0.5,0.5
"20-04-2014",0.6,0.7,1.2,0.8,0.6,0.8,0.9,0.8,0.5,0.5,0.5,0.4,0.3,0.3,0.3,0.3,0.3,0.3,0.3,0.4,0.5,0.5,0.5,0.7
"21-04-2014",0.3,0.3,0.3,0.3,0.3,0.3,0.3,0.3,0.3,0.4,0.4,0.5,0.6,0.6,0.4,0.4,0.4,0.4,0.5,0.7,0.6,0.7,1.1,0.5
"22-04-2014",0.4,0.3,0.4,0.5,0.7,0.9,1.2,1.5,2.0,1.2,0.8,0.7,0.7,0.6,0.5,0.6,0.5,0.6,0.6,0.7,1.0,1.6,1.4,1.0
"23-04-2014",1.0,1.4,1.1,0.7,0.9,1.2,1.6,2.2,2.6,1.8,1.1,1.0,1.1,1.0,1.1,1.1,0.9,0.9,0.9,1.1,0.8,1.4,0.8,0.6
"24-04-2014",0.6,0.6,0.3,0.3,0.3,0.4,0.5,0.8,0.9,0.8,0.7,0.8,0.8,0.8,0.6,0.5,0.5,0.7,0.8,0.7,0.7,0.6,0.5,0.4
"25-04-2014",0.3,0.3,0.3,0.3,0.5,0.5,0.5,0.6,0.8,0.8,0.8,1.0,0.9,1.0,0.8,0.8,0.7,0.6,0.6,0.6,0.9,0.8,0.6,0.5
"26-04-2014",0.6,0.4,0.4,0.4,0.4,0.8,0.8,1.0,0.9,0.8,0.5,0.6,0.5,0.5,0.4,0.4,0.3,0.4,0.5,0.7,0.8,0.6,0.6,0.8
"27-04-2014",0.8,0.6,0.6,0.5,0.5,0.5,0.6,0.5,0.5,0.4,0.6,0.4,0.4,0.5,0.5,0.4,0.5,0.8,0.9,1.1,1.0,0.7,0.7,0.8
"28-04-2014",0.6,0.4,0.5,0.5,0.6,0.9,1.4,2.2,1.5,0.6,0.6,0.6,0.5,0.5,0.8,0.7,0.7,0.6,0.6,0.7,0.6,0.6,0.5,0.4
"29-04-2014",0.3,0.3,0.3,0.3,0.3,0.4,0.5,0.6,0.9,0.7,0.8,0.8,0.7,0.6,0.7,0.7,0.5,0.6,0.9,0.8,0.8,0.7,0.6,0.4
"30-04-2014",0.4,0.3,0.4,0.3,0.3,0.4,0.6,0.7,0.9,0.9,1.0,0.8,-9999,0.9,1.0,0.8,0.6,0.6,0.6,0.7,0.9,0.5,0.4,0.4
"01-05-2014",0.4,0.4,0.5,0.4,0.5,0.6,0.6,0.7,0.3,0.4,0.4,0.5,0.5,0.4,0.4,0.4,0.4,0.4,0.3,0.4,0.5,0.6,0.5,0.5
"02-05-2014",0.4,0.3,0.3,0.2,0.3,0.3,0.6,1.1,1.0,0.9,0.8,0.7,0.6,0.6,0.5,0.5,0.4,0.5,0.6,0.8,0.6,0.6,0.5,0.4
"03-05-2014",0.3,0.3,0.4,0.2,0.3,0.3,0.6,0.9,0.5,0.4,0.4,0.4,0.5,0.5,0.5,0.4,0.4,0.4,0.4,0.5,0.5,0.8,0.5,0.4
"04-05-2014",0.3,0.3,0.3,0.2,0.2,0.3,0.4,0.6,0.4,0.5,0.6,0.4,0.4,0.4,0.3,0.3,0.4,0.4,0.5,0.6,0.6,0.5,0.5,0.4
"05-05-2014",0.3,0.3,0.2,0.2,0.2,0.3,0.5,0.6,0.9,0.7,1.1,0.9,0.7,0.8,0.7,0.5,0.8,1.2,0.9,0.9,1.0,0.7,0.8,0.5
"06-05-2014",0.6,0.4,0.4,0.3,0.3,0.4,0.5,0.7,1.0,0.9,0.9,0.9,0.8,0.8,1.5,1.1,1.0,1.2,1.4,1.3,1.3,1.0,0.8,0.7
"07-05-2014",0.5,0.4,0.3,0.3,0.3,0.5,0.6,0.6,0.8,0.9,1.0,1.0,1.0,0.8,0.8,0.8,0.7,0.7,0.6,0.8,0.9,0.8,0.6,0.6
"08-05-2014",0.5,0.4,0.3,0.4,0.4,0.4,0.6,0.8,0.8,0.8,0.8,0.8,0.8,0.8,0.8,0.7,0.6,0.8,0.9,0.8,0.9,0.7,0.6,0.5
"09-05-2014",0.4,0.4,0.4,0.3,0.3,0.5,0.7,0.8,0.9,0.8,0.9,1.1,1.6,1.1,1.0,0.7,0.8,0.9,1.3,1.7,1.6,1.1,1.1,0.7
"10-05-2014",0.5,0.4,0.4,0.3,0.2,0.3,0.4,0.5,0.4,0.4,0.4,0.5,0.5,0.6,0.5,0.4,0.4,0.4,0.4,0.6,0.8,0.8,0.6,0.5
"11-05-2014",0.4,0.4,0.3,0.3,0.3,0.8,1.2,1.1,0.7,0.5,0.4,0.5,0.5,0.4,0.4,0.3,0.3,0.3,0.4,0.4,0.7,0.6,0.6,0.6
"12-05-2014",0.4,0.3,0.4,0.4,0.3,0.4,0.8,0.9,0.8,0.8,0.9,1.0,0.9,0.7,0.5,0.5,0.5,0.5,0.4,0.6,0.5,0.5,0.4,0.4
"13-05-2014",0.3,0.3,0.2,0.2,0.2,0.4,0.6,1.0,1.1,1.0,1.0,0.7,0.5,0.6,0.7,0.5,0.4,0.4,0.5,0.7,0.7,0.6,0.4,0.5
"14-05-2014",0.3,0.3,0.3,0.2,0.2,0.5,1.0,0.9,0.7,0.7,0.6,0.7,0.5,0.4,0.5,0.5,0.5,0.7,0.6,0.4,0.4,0.3,0.3,0.3
"15-05-2014",0.3,0.2,0.3,0.2,0.2,0.3,0.4,0.6,0.7,0.7,0.6,0.7,0.7,0.7,0.7,0.6,0.6,0.6,0.6,0.6,0.6,0.5,0.3,0.3
"16-05-2014",0.3,0.2,0.2,0.2,0.2,0.3,0.4,0.5,0.6,0.7,0.7,0.7,0.8,0.7,0.5,0.5,0.6,0.6,0.7,0.6,0.7,0.6,0.4,0.4
"17-05-2014",0.3,0.3,0.3,0.3,0.3,0.3,0.4,0.5,0.5,0.5,0.5,0.5,0.4,0.4,0.4,0.4,0.4,0.4,0.4,0.4,0.5,0.4,0.4,0.4
"18-05-2014",0.3,0.3,0.4,0.3,0.5,0.4,0.5,0.6,0.5,0.5,0.5,0.5,0.5,0.5,0.3,0.3,0.4,0.4,0.4,0.4,0.5,0.5,0.5,0.6
"19-05-2014",0.4,0.3,0.4,0.5,0.8,0.7,1.3,1.5,1.5,0.7,0.6,0.5,0.5,0.6,0.6,0.5,0.5,0.5,0.7,0.6,0.6,0.6,0.4,0.3
"20-05-2014",0.3,0.3,0.3,0.4,0.4,0.5,0.9,1.5,1.0,0.8,0.9,0.7,0.7,0.8,0.6,0.6,0.5,0.6,0.5,0.8,0.7,0.7,0.5,0.8
"21-05-2014",0.5,0.4,0.5,0.6,0.5,0.4,0.8,0.8,0.9,0.7,0.9,1.1,0.9,1.2,1.1,1.1,0.7,1.0,1.1,1.1,0.9,0.9,0.6,0.6
"22-05-2014",0.6,0.4,0.4,0.3,0.3,0.5,0.7,1.0,1.1,0.8,0.8,1.5,1.4,1.2,1.2,1.0,1.1,1.4,1.2,1.3,1.6,1.3,0.9,0.8
"23-05-2014",0.6,0.4,0.4,0.3,0.3,0.5,0.8,1.2,1.0,0.8,0.9,1.1,0.8,0.8,0.6,0.6,0.5,0.6,0.7,0.7,0.7,1.1,1.0,0.9
"24-05-2014",0.6,0.7,0.8,0.8,0.9,0.7,0.9,0.9,0.6,0.6,0.4,0.5,0.6,0.4,0.4,0.4,0.4,0.4,0.5,0.4,0.5,0.6,0.5,0.5
"25-05-2014",0.5,0.4,0.4,0.4,0.3,0.6,0.7,1.1,0.8,0.8,0.6,0.5,0.5,0.5,0.4,0.4,0.4,0.5,0.5,0.6,0.8,0.9,0.6,0.5
"26-05-2014",0.4,0.4,0.4,0.4,0.6,0.8,0.8,0.8,0.7,0.7,0.8,0.7,0.6,0.6,0.5,0.4,0.5,0.5,0.5,0.6,0.7,0.6,0.6,0.9
"27-05-2014",0.9,0.9,0.9,0.5,0.4,0.5,1.0,0.8,0.8,0.8,0.8,0.8,0.7,0.5,0.6,0.5,0.4,0.4,0.6,0.7,0.7,0.6,0.4,0.4
"28-05-2014",0.3,0.2,0.2,0.2,0.2,0.3,0.5,0.9,0.8,0.7,0.8,0.8,0.8,0.8,0.7,0.4,0.5,0.6,0.5,0.5,0.6,0.6,0.4,0.4
"29-05-2014",0.3,0.3,0.2,0.2,0.3,0.4,0.8,1.8,0.9,0.6,0.6,0.7,0.8,0.8,0.5,0.5,0.5,0.5,0.5,0.4,0.6,0.5,0.4,0.4
"30-05-2014",0.3,0.2,0.2,0.2,0.2,0.2,0.4,0.6,0.6,0.7,0.7,0.7,0.7,0.8,0.7,0.6,0.6,0.6,0.6,0.7,0.6,0.5,0.4,0.4
"31-05-2014",0.3,0.2,0.2,0.2,0.3,0.3,0.4,0.5,0.5,0.6,0.5,0.6,0.7,0.9,0.6,0.5,0.4,0.4,0.4,0.4,0.5,0.4,0.3,0.3
"01-06-2014",0.4,0.3,0.3,0.3,0.3,0.3,0.4,0.5,0.4,0.5,0.5,0.5,0.5,0.5,0.3,0.3,0.3,0.4,0.5,0.4,0.4,0.5,0.4,0.4
"02-06-2014",0.3,0.2,0.2,0.2,0.2,0.3,0.5,0.6,0.7,0.7,0.8,0.9,0.8,0.8,0.9,0.9,0.5,0.6,0.7,0.5,0.6,0.7,0.4,0.4
"03-06-2014",0.4,0.4,0.4,0.4,0.4,0.7,1.2,1.6,1.9,1.7,1.8,2.1,1.6,1.6,1.5,1.7,1.2,1.5,1.3,1.2,1.2,0.7,0.5,0.4
"04-06-2014",0.3,0.3,0.3,0.3,0.3,0.3,0.4,0.9,0.9,0.8,0.7,0.9,0.7,0.8,1.0,1.1,0.7,0.7,0.8,0.9,0.7,0.5,0.7,0.6
"05-06-2014",0.4,0.3,0.3,0.3,0.3,0.5,0.6,0.9,0.9,0.8,1.0,1.0,1.0,0.9,0.6,0.5,0.4,0.6,0.6,0.5,0.6,1.0,0.8,0.8
"06-06-2014",0.7,0.5,0.3,0.3,0.3,0.9,1.0,1.3,1.0,0.9,1.1,1.1,1.1,0.9,0.9,0.7,0.5,0.6,0.7,0.6,0.6,0.6,0.5,0.5
"07-06-2014",0.9,1.1,0.9,0.6,0.7,0.8,1.1,1.3,0.7,0.7,0.7,0.8,0.7,0.8,0.6,0.8,0.6,0.5,0.6,0.4,0.5,1.2,1.8,2.1
"08-06-2014",1.4,1.3,1.4,1.3,1.4,1.2,1.2,1.2,0.5,0.5,0.6,0.6,0.4,0.5,0.6,0.5,0.3,0.4,0.4,0.6,0.9,0.9,0.6,0.5
"09-06-2014",0.5,0.3,0.2,0.2,0.2,0.3,0.4,0.4,0.5,0.6,0.8,0.7,0.8,0.8,0.6,0.7,0.8,0.7,0.8,1.0,1.1,1.0,0.8,0.7
"10-06-2014",0.6,0.6,0.3,0.2,0.3,0.4,0.8,0.9,1.0,1.0,1.6,1.7,1.7,1.8,1.6,1.5,1.1,1.2,1.4,1.8,1.6,1.2,0.7,0.6
"11-06-2014",0.6,0.3,0.3,0.2,0.2,0.4,0.6,1.1,0.9,0.9,1.6,1.8,1.7,1.4,0.8,0.7,0.6,0.7,0.6,0.6,0.5,0.7,0.7,0.8
"12-06-2014",0.4,0.8,0.7,0.7,0.4,0.6,1.1,1.3,1.6,1.8,1.2,1.7,1.5,1.3,1.1,0.6,0.6,0.6,0.7,0.7,1.1,1.3,0.9,0.9
"13-06-2014",0.8,0.4,0.3,0.4,0.5,0.7,1.5,1.5,1.1,1.3,1.8,1.1,0.9,1.1,0.7,0.7,0.6,0.7,0.7,0.7,0.7,0.7,0.5,0.9
"14-06-2014",0.8,0.9,0.7,0.4,0.4,0.4,0.5,1.1,0.9,0.9,0.6,0.6,0.6,0.4,0.4,0.3,0.3,0.3,0.4,0.5,0.5,0.7,0.8,0.6
"15-06-2014",0.4,0.4,0.4,0.3,0.4,0.3,0.4,0.6,0.5,0.3,0.4,0.3,0.2,0.1,0.1,0.1,0.3,0.6,0.7,0.7,1.2,1.4,1.2,1.1
"16-06-2014",0.9,0.7,0.8,0.7,0.6,0.9,1.4,1.9,1.4,1.2,1.0,1.0,0.9,0.7,0.5,0.4,0.3,0.5,0.4,0.4,0.5,0.6,0.5,0.4
"17-06-2014",0.6,0.5,0.4,0.3,0.3,0.4,0.6,0.8,0.9,0.8,0.8,0.6,0.5,0.3,0.4,0.3,0.3,0.3,0.4,0.7,0.6,0.7,0.6,0.5
"18-06-2014",0.5,0.4,0.4,0.3,0.3,0.4,0.6,0.7,0.6,0.5,0.4,0.4,0.2,0.3,0.3,0.4,0.2,0.2,0.3,0.4,0.6,0.6,0.4,0.5
"19-06-2014",0.4,0.3,0.3,0.4,0.3,0.8,0.7,0.9,0.9,0.8,0.7,0.8,0.8,0.8,0.6,0.6,0.5,0.5,0.5,0.5,0.4,0.3,0.3,0.3
"20-06-2014",0.3,0.3,0.2,0.2,0.2,0.3,0.5,0.6,0.5,0.7,0.7,0.9,0.9,0.9,0.7,0.7,0.7,0.7,0.7,0.9,0.9,0.8,0.7,0.7
"21-06-2014",0.5,0.5,0.4,0.3,0.5,0.4,0.5,0.7,0.6,0.6,0.5,0.6,0.7,0.5,0.4,0.4,0.3,0.3,0.5,0.6,0.6,0.6,0.5,0.5
"22-06-2014",0.4,0.4,0.3,0.4,0.3,0.3,0.5,0.6,-9999,-9999,-9999,-9999,-9999,0.6,0.2,0.1,0.1,0.2,0.3,0.4,0.5,0.7,0.6,0.7
"23-06-2014",0.4,0.4,0.3,0.3,0.4,0.7,1.1,1.4,1.2,1.0,0.9,0.8,0.7,0.7,0.5,0.6,0.3,0.4,0.5,0.7,0.6,0.6,0.4,0.4
"24-06-2014",0.5,0.5,0.6,0.5,0.4,0.7,1.0,1.1,1.0,0.9,1.0,0.3,-9999,1.3,1.2,1.1,1.0,0.9,1.1,1.0,1.0,1.3,1.4,1.2
"25-06-2014",1.2,1.3,1.0,0.6,0.7,1.2,1.4,1.5,1.1,1.0,0.9,0.9,0.8,0.7,0.7,0.6,0.6,0.6,0.5,0.6,0.7,0.8,0.7,0.7
"26-06-2014",0.6,0.6,0.6,0.6,0.5,0.6,0.9,1.1,1.3,0.9,0.9,1.0,0.8,0.9,0.8,0.5,0.7,1.1,1.0,0.8,0.7,1.1,0.9,0.9
"27-06-2014",0.8,0.7,0.7,0.7,1.0,1.4,1.8,1.8,1.6,1.1,0.7,1.2,0.6,0.7,0.7,0.6,0.6,0.7,0.8,0.8,1.0,0.9,0.7,0.6
"28-06-2014",0.5,0.6,0.5,0.5,0.5,0.6,0.7,0.8,0.8,0.9,0.8,0.8,0.8,0.8,0.7,0.7,0.7,0.7,0.8,0.7,0.9,0.9,0.7,0.7
"29-06-2014",0.7,0.7,0.5,0.5,0.5,0.5,0.6,0.6,0.5,0.6,0.7,0.6,0.5,0.4,0.4,0.4,0.4,0.4,0.4,0.8,1.0,1.2,1.1,0.8
"30-06-2014",0.6,0.6,0.7,0.6,0.6,0.8,1.0,1.1,1.0,1.0,1.0,1.1,1.3,0.9,1.1,1.0,0.8,0.8,0.8,0.9,0.9,0.8,0.9,0.8
"01-07-2014",0.8,0.9,0.6,0.5,0.5,0.9,1.5,1.2,1.1,1.2,1.1,0.3,0.6,0.9,0.6,0.6,0.6,0.6,0.9,0.7,0.7,1.3,0.5,0.5
"02-07-2014",0.4,0.4,0.4,0.5,0.8,1.0,1.4,1.4,2.3,2.4,2.4,2.3,1.2,1.1,0.8,0.7,0.6,0.9,1.0,1.1,1.0,0.9,0.4,0.3
"03-07-2014",0.5,0.6,0.7,0.8,0.9,0.9,1.1,1.0,1.8,1.9,1.6,1.2,1.0,0.9,0.7,0.5,0.4,0.5,0.7,0.8,0.7,0.7,0.2,0.3
"04-07-2014",0.2,0.1,0.1,0.1,0.1,0.3,0.6,0.9,1.7,1.7,1.7,1.4,1.5,1.3,0.9,1.1,0.9,1.0,1.0,0.9,0.8,0.7,0.3,0.3
"05-07-2014",0.2,0.3,0.3,0.4,0.4,0.5,0.7,0.7,1.4,1.5,1.3,1.3,1.1,1.0,0.8,0.8,0.6,0.6,0.6,0.6,0.7,0.9,0.6,0.4
"06-07-2014",0.7,0.5,0.6,0.7,0.7,0.8,1.1,1.1,1.4,1.4,1.2,1.0,0.9,0.8,0.7,0.5,0.5,0.5,0.8,0.9,0.8,0.9,0.4,0.2
"07-07-2014",0.1,0.1,0.1,0.2,0.6,0.9,1.3,1.5,1.8,1.7,1.5,1.7,1.3,1.1,0.8,0.7,0.5,0.6,0.8,0.9,0.7,0.5,0.1,0.1
"08-07-2014",0.1,0.2,0.2,0.4,0.6,1.1,1.5,1.5,2.0,2.0,1.4,1.2,0.9,1.1,0.6,0.6,0.4,0.4,0.5,0.7,0.6,0.7,0.6,0.5
"09-07-2014",0.6,0.6,0.6,0.2,0.1,0.1,0.2,0.9,1.3,1.1,0.8,0.9,0.8,0.8,0.5,0.4,0.3,0.3,0.3,0.5,0.4,0.1,0.1,0.1
"10-07-2014",0.1,0.1,0.1,0.1,0.1,0.1,0.5,0.7,0.7,0.8,0.8,0.8,0.9,0.9,0.6,0.4,0.3,0.1,0.1,0.4,0.5,0.1,0.1,0.1
"11-07-2014",0.1,0.1,0.3,0.3,0.6,0.9,0.7,1.6,1.5,1.5,1.3,1.1,0.9,0.6,0.6,0.5,0.3,0.3,0.5,0.8,0.7,0.3,0.1,0.1
"12-07-2014",0.1,0.1,0.2,0.4,0.5,0.6,0.6,1.3,1.4,1.2,1.1,1.0,0.9,0.8,0.7,0.7,0.6,0.6,0.7,0.7,0.6,0.4,0.1,0.1
"13-07-2014",0.1,0.1,0.3,0.3,0.4,0.4,0.4,1.3,1.1,1.0,0.9,0.8,0.7,0.4,0.2,0.2,0.1,0.1,-9999,0.1,0.1,0.1,0.1,0.1
"14-07-2014",0.1,0.2,0.2,0.4,0.4,0.7,0.9,0.9,1.0,1.0,0.9,0.8,0.8,0.8,0.6,0.7,0.6,0.6,0.8,1.0,1.1,1.0,0.9,0.9
"15-07-2014",0.8,0.7,0.6,0.6,0.6,0.7,0.9,1.0,1.0,0.9,0.8,-9999,-9999,-9999,-9999,-9999,-9999,-9999,-9999,-9999,-9999,-9999,-9999,-9999
"16-07-2014",-9999,-9999,-9999,-9999,-9999,-9999,-9999,-9999,-9999,-9999,-9999,-9999,-9999,-9999,-9999,-9999,-9999,-9999,-9999,-9999,-9999,-9999,-9999,-9999
"17-07-2014",-9999,-9999,-9999,-9999,-9999,-9999,-9999,-9999,-9999,-9999,-9999,-9999,-9999,-9999,-9999,-9999,-9999,-9999,-9999,-9999,-9999,-9999,-9999,-9999
"18-07-2014",-9999,-9999,-9999,-9999,-9999,-9999,-9999,-9999,-9999,-9999,-9999,-9999,-9999,-9999,-9999,-9999,-9999,-9999,-9999,-9999,-9999,-9999,-9999,-9999
"19-07-2014",-9999,-9999,-9999,-9999,-9999,-9999,-9999,-9999,-9999,-9999,-9999,-9999,-9999,-9999,-9999,-9999,-9999,-9999,-9999,-9999,-9999,-9999,-9999,-9999
"20-07-2014",-9999,-9999,-9999,-9999,-9999,-9999,-9999,-9999,-9999,-9999,-9999,-9999,-9999,-9999,-9999,-9999,-9999,-9999,-9999,-9999,-9999,-9999,-9999,-9999
"21-07-2014",-9999,-9999,-9999,-9999,-9999,-9999,-9999,-9999,-9999,-9999,-9999,-9999,-9999,-9999,-9999,-9999,-9999,-9999,-9999,-9999,-9999,-9999,-9999,-9999
"22-07-2014",-9999,-9999,-9999,-9999,-9999,-9999,-9999,-9999,-9999,-9999,-9999,-9999,-9999,-9999,-9999,-9999,-9999,-9999,-9999,-9999,-9999,-9999,-9999,-9999
"23-07-2014",-9999,-9999,-9999,-9999,-9999,-9999,-9999,-9999,-9999,-9999,-9999,-9999,-9999,-9999,-9999,-9999,-9999,-9999,-9999,-9999,-9999,-9999,-9999,-9999
"24-07-2014",-9999,-9999,-9999,-9999,-9999,-9999,-9999,-9999,-9999,-9999,-9999,-9999,-9999,-9999,-9999,-9999,-9999,-9999,-9999,-9999,-9999,-9999,-9999,-9999
"25-07-2014",-9999,-9999,-9999,-9999,-9999,-9999,-9999,-9999,-9999,-9999,-9999,-9999,-9999,-9999,-9999,-9999,-9999,-9999,-9999,-9999,-9999,-9999,-9999,-9999
"26-07-2014",-9999,-9999,-9999,-9999,-9999,-9999,-9999,-9999,-9999,-9999,-9999,-9999,-9999,-9999,-9999,-9999,-9999,-9999,-9999,-9999,-9999,-9999,-9999,-9999
"27-07-2014",-9999,-9999,-9999,-9999,-9999,-9999,-9999,-9999,-9999,-9999,-9999,-9999,-9999,-9999,-9999,-9999,-9999,-9999,-9999,-9999,-9999,-9999,-9999,-9999
"28-07-2014",-9999,-9999,-9999,-9999,-9999,-9999,-9999,-9999,-9999,-9999,-9999,-9999,-9999,-9999,-9999,-9999,-9999,-9999,-9999,-9999,-9999,-9999,-9999,-9999
"29-07-2014",-9999,-9999,-9999,-9999,-9999,-9999,-9999,-9999,-9999,-9999,-9999,-9999,-9999,-9999,-9999,-9999,-9999,-9999,-9999,-9999,-9999,-9999,-9999,-9999
"30-07-2014",-9999,-9999,-9999,-9999,-9999,-9999,-9999,-9999,-9999,-9999,-9999,-9999,-9999,-9999,-9999,-9999,-9999,-9999,-9999,-9999,-9999,-9999,-9999,-9999
"31-07-2014",-9999,-9999,-9999,-9999,-9999,-9999,-9999,-9999,-9999,-9999,-9999,-9999,-9999,-9999,-9999,-9999,-9999,-9999,-9999,-9999,-9999,-9999,-9999,-9999
"01-08-2014",-9999,-9999,-9999,-9999,-9999,-9999,-9999,-9999,-9999,-9999,-9999,-9999,-9999,-9999,-9999,-9999,-9999,-9999,-9999,-9999,-9999,-9999,-9999,-9999
"02-08-2014",-9999,-9999,-9999,-9999,-9999,-9999,-9999,-9999,-9999,-9999,-9999,-9999,-9999,-9999,-9999,-9999,-9999,-9999,-9999,-9999,-9999,-9999,-9999,-9999
"03-08-2014",-9999,-9999,-9999,-9999,-9999,-9999,-9999,-9999,-9999,-9999,-9999,-9999,-9999,-9999,-9999,-9999,-9999,-9999,-9999,-9999,-9999,-9999,-9999,-9999
"04-08-2014",-9999,-9999,-9999,-9999,-9999,-9999,-9999,-9999,-9999,-9999,-9999,-9999,-9999,-9999,-9999,-9999,-9999,-9999,-9999,-9999,-9999,-9999,-9999,-9999
"05-08-2014",-9999,-9999,-9999,-9999,-9999,-9999,-9999,-9999,-9999,-9999,-9999,-9999,-9999,-9999,-9999,-9999,-9999,-9999,-9999,-9999,-9999,-9999,-9999,-9999
"06-08-2014",-9999,-9999,-9999,-9999,-9999,-9999,-9999,-9999,-9999,-9999,-9999,-9999,-9999,-9999,-9999,-9999,-9999,-9999,-9999,-9999,-9999,-9999,-9999,-9999
"07-08-2014",-9999,-9999,-9999,-9999,-9999,-9999,-9999,-9999,-9999,-9999,-9999,-9999,-9999,-9999,-9999,-9999,-9999,-9999,-9999,-9999,-9999,-9999,-9999,-9999
"08-08-2014",-9999,-9999,-9999,-9999,-9999,-9999,-9999,-9999,-9999,-9999,-9999,-9999,-9999,-9999,-9999,-9999,-9999,-9999,-9999,-9999,-9999,-9999,-9999,-9999
"09-08-2014",-9999,-9999,-9999,-9999,-9999,-9999,-9999,-9999,-9999,-9999,-9999,-9999,-9999,-9999,-9999,-9999,-9999,-9999,-9999,-9999,-9999,-9999,-9999,-9999
"10-08-2014",-9999,-9999,-9999,-9999,-9999,-9999,-9999,-9999,-9999,-9999,-9999,-9999,-9999,-9999,-9999,-9999,-9999,-9999,-9999,-9999,-9999,-9999,-9999,-9999
"11-08-2014",-9999,-9999,-9999,-9999,-9999,-9999,-9999,-9999,-9999,-9999,-9999,-9999,-9999,-9999,-9999,-9999,-9999,-9999,-9999,-9999,-9999,-9999,-9999,-9999
"12-08-2014",-9999,-9999,-9999,-9999,-9999,-9999,-9999,-9999,-9999,-9999,-9999,1.4,2.2,1.9,1.6,1.4,1.1,1.0,1.0,0.9,0.8,0.8,0.9,0.7
"13-08-2014",0.7,0.8,0.7,0.6,0.6,0.6,0.8,1.0,0.8,0.7,0.8,0.9,1.2,0.8,0.7,0.7,0.6,0.7,0.9,1.0,1.0,0.9,0.7,1.0
"14-08-2014",1.0,1.0,0.6,0.6,0.6,0.7,0.8,0.9,0.8,1.0,0.7,0.8,0.9,0.9,0.8,0.8,0.9,0.9,0.8,0.6,0.6,0.5,0.5,0.6
"15-08-2014",0.4,0.6,0.6,0.6,0.6,0.6,0.7,0.9,0.7,0.5,0.1,0.1,0.1,0.3,0.4,0.4,0.2,0.2,0.2,0.2,0.2,0.3,0.1,0.1
"16-08-2014",0.1,0.2,0.2,0.2,0.3,0.3,0.7,0.8,0.6,0.5,0.5,0.5,0.8,0.8,0.6,0.7,0.5,0.7,0.7,0.6,0.8,1.0,0.8,0.8
"17-08-2014",0.8,0.7,0.6,0.5,0.5,0.5,0.7,0.7,0.5,0.6,0.4,0.3,0.2,0.6,0.6,0.4,0.3,0.6,0.8,0.6,0.6,0.6,0.5,0.6
"18-08-2014",0.6,0.9,0.8,0.6,0.6,0.6,0.7,0.9,0.7,0.7,1.0,0.7,1.0,0.9,0.8,1.0,0.5,0.8,0.7,0.8,0.9,0.8,0.8,0.8
"19-08-2014",0.8,0.6,0.5,0.4,0.4,0.5,0.8,1.0,1.0,0.9,0.9,1.0,0.6,0.6,0.8,0.8,0.6,0.6,0.7,0.9,1.2,0.9,1.0,0.9
"20-08-2014",0.9,0.7,0.9,0.5,0.4,0.7,1.0,1.3,1.0,1.0,0.8,1.0,1.1,0.7,0.8,0.9,0.8,0.8,0.8,0.9,0.9,0.8,0.8,0.7
"21-08-2014",0.6,0.5,0.6,0.4,0.6,0.7,1.0,1.2,1.2,0.8,0.7,0.4,0.3,0.1,0.3,0.3,0.2,0.3,0.4,0.3,0.5,0.8,0.9,0.7
"22-08-2014",0.5,0.6,0.4,0.6,1.0,1.3,1.6,1.9,1.5,1.1,0.5,0.3,0.3,0.5,0.5,0.5,0.4,0.2,0.3,0.3,0.3,0.5,0.3,0.2
"23-08-2014",0.4,0.3,0.2,0.1,0.2,0.6,1.3,1.4,1.3,0.8,0.4,0.4,0.5,0.4,0.7,0.8,0.6,0.5,0.3,0.3,0.3,0.5,0.3,0.2
"24-08-2014",0.3,0.3,0.3,0.3,0.5,0.6,1.1,1.6,1.0,0.7,0.2,0.1,0.1,0.1,0.3,0.2,0.1,0.2,0.1,0.2,0.3,0.4,0.4,0.3
"25-08-2014",0.1,0.6,0.4,0.3,0.3,0.4,0.8,1.3,0.8,0.9,0.5,0.6,0.7,0.8,0.9,0.8,0.8,1.1,1.2,0.9,0.8,0.7,0.6,0.7
"26-08-2014",0.7,0.6,0.6,0.5,0.5,0.8,0.8,1.0,1.0,1.2,0.7,0.3,0.2,0.5,0.8,0.8,0.6,0.7,0.7,0.6,0.8,1.2,0.8,0.7
"27-08-2014",0.7,0.6,0.6,0.5,0.7,0.8,1.0,1.5,1.2,0.8,0.6,0.2,0.3,0.2,0.4,0.6,0.5,0.4,0.4,0.6,0.6,0.6,1.0,0.9
"28-08-2014",0.8,0.6,0.4,0.5,0.8,1.1,1.6,1.7,1.4,1.0,0.6,0.2,0.1,0.2,0.5,0.5,0.5,0.5,1.1,1.2,1.1,0.6,0.6,0.6
"29-08-2014",0.6,0.6,0.5,0.4,0.4,0.5,0.8,1.3,1.1,1.2,0.7,1.0,1.1,1.2,1.2,1.2,1.1,1.2,1.0,0.9,1.0,0.7,0.7,0.7
"30-08-2014",0.7,0.6,0.6,0.4,0.5,0.6,0.7,0.7,0.6,0.6,0.6,0.6,0.5,0.5,0.5,0.7,0.8,0.5,0.6,0.6,0.6,0.6,0.6,0.5
"31-08-2014",0.5,0.5,0.5,0.5,0.5,0.6,0.6,0.8,0.7,0.7,0.8,0.6,0.5,0.4,0.5,0.8,0.7,0.7,0.8,0.7,0.9,0.7,0.7,0.9
"01-09-2014",0.7,0.6,0.6,0.5,0.5,0.8,1.2,1.4,1.5,1.2,1.0,1.1,1.1,0.4,0.3,0.3,0.5,0.4,0.6,0.8,0.8,0.8,0.7,0.7
"02-09-2014",0.6,0.6,0.5,0.5,0.4,0.6,1.1,1.9,1.1,0.8,0.5,0.4,0.5,0.5,0.2,0.1,0.1,0.1,0.2,0.4,0.4,0.6,0.4,0.6
"03-09-2014",0.6,0.5,0.4,0.4,0.4,0.5,0.7,0.9,0.9,0.9,0.7,0.6,0.5,0.2,0.1,0.2,0.2,0.3,0.5,0.6,0.9,0.8,0.6,0.6
"04-09-2014",0.7,0.7,0.5,0.5,0.5,0.6,0.9,1.0,0.9,0.8,0.8,0.8,0.6,0.5,0.1,0.6,0.6,0.8,0.7,0.8,1.0,0.8,0.7,0.7
"05-09-2014",0.5,0.6,0.5,0.5,0.5,0.6,0.7,1.0,1.5,0.9,0.8,0.6,0.6,0.4,0.1,0.5,0.5,0.6,0.7,1.0,1.0,0.8,0.8,0.9
"06-09-2014",0.8,0.8,0.6,0.5,0.6,0.8,0.9,1.2,0.9,0.6,0.6,0.3,0.2,0.4,0.1,0.2,0.3,0.1,0.3,0.6,0.7,0.7,0.6,0.6
"07-09-2014",0.5,0.8,0.9,0.5,0.5,0.6,0.7,0.6,0.5,0.5,0.5,0.6,0.1,0.2,0.3,0.2,0.6,0.8,1.2,1.0,0.8,0.9,0.7,0.8
"08-09-2014",0.5,0.6,0.4,0.4,0.4,0.5,0.7,1.2,0.9,1.1,1.1,1.0,0.9,1.0,0.4,0.4,0.4,0.3,0.7,0.9,1.3,0.6,0.9,1.0
"09-09-2014",0.9,1.0,0.7,0.6,0.6,0.7,1.0,1.4,1.1,1.0,0.9,0.7,0.7,0.8,0.4,0.7,1.4,1.9,2.0,1.4,1.4,1.1,1.0,1.2
"10-09-2014",1.2,0.9,0.8,0.7,0.6,0.7,1.1,1.8,1.5,1.3,1.1,1.1,0.5,1.0,0.6,0.7,0.3,0.5,0.8,0.8,1.5,1.3,1.1,1.0
"11-09-2014",1.3,1.0,0.6,0.6,0.7,0.9,1.4,1.7,1.9,1.1,1.1,1.2,1.3,0.9,0.4,0.5,0.9,0.5,1.2,1.0,1.0,1.0,0.9,0.9
"12-09-2014",1.0,1.0,1.3,0.9,0.8,1.0,1.4,1.7,1.4,1.0,1.0,0.9,0.7,0.7,0.2,0.3,0.7,0.6,0.7,1.0,0.9,0.9,0.7,0.6
"13-09-2014",0.6,0.8,0.6,0.7,0.7,0.8,0.9,1.1,1.2,0.7,0.7,0.3,0.2,0.2,0.1,0.3,0.5,0.4,0.5,0.9,0.9,0.9,0.7,1.0
"14-09-2014",1.1,1.1,0.8,0.7,0.6,0.7,0.7,0.9,0.9,0.8,0.7,0.7,0.7,0.5,0.2,0.2,0.3,0.4,0.9,0.9,0.9,0.8,0.6,0.6
"15-09-2014",0.6,1.0,0.9,0.7,0.7,0.9,1.3,1.9,1.7,1.4,1.0,0.8,0.6,0.7,0.5,0.6,0.2,0.2,0.7,0.9,0.8,0.8,0.6,0.6
"16-09-2014",0.9,0.9,0.7,0.6,0.7,0.8,1.0,1.6,1.7,1.2,0.9,0.8,0.6,0.7,0.3,0.9,0.7,1.3,2.0,1.6,1.9,1.4,1.0,0.9
"17-09-2014",0.9,0.7,0.7,0.6,0.6,0.8,0.9,1.3,1.3,1.1,1.2,1.0,1.4,1.4,1.2,1.1,0.9,1.0,1.2,1.2,1.2,0.8,0.7,0.7
"18-09-2014",0.6,0.5,0.5,0.5,0.6,0.6,0.9,1.0,1.4,1.3,0.9,0.8,1.0,0.9,1.6,1.3,1.3,1.3,1.6,1.6,1.5,1.0,0.9,0.7
"19-09-2014",0.6,0.5,0.5,0.5,0.5,0.6,1.1,1.4,1.4,1.2,1.0,1.5,1.0,0.8,0.9,0.8,0.7,0.9,0.9,1.6,1.6,1.2,1.2,1.4
"20-09-2014",1.2,0.8,0.6,0.6,0.6,0.6,1.0,1.3,1.3,1.3,0.8,0.8,0.9,1.0,1.0,0.8,0.6,0.9,0.9,0.9,0.8,0.8,0.8,0.8
"21-09-2014",0.8,1.0,0.8,0.7,0.7,0.7,1.2,1.0,1.4,0.8,0.6,0.3,0.1,0.2,0.1,0.4,0.4,0.3,0.5,0.7,0.9,0.7,0.8,0.6
"22-09-2014",0.5,0.3,0.3,0.3,0.4,0.7,0.8,0.9,1.2,1.1,0.6,0.2,0.4,0.1,0.1,0.1,0.1,0.1,0.2,0.7,0.5,0.4,0.2,0.3
"23-09-2014",0.5,0.4,0.4,0.4,0.4,0.5,0.7,2.0,2.3,1.4,0.4,0.1,0.1,0.2,0.4,0.7,0.6,0.6,0.4,0.7,0.9,1.0,0.7,0.5
"24-09-2014",0.4,0.3,0.2,0.1,0.2,0.3,0.7,1.0,1.4,1.5,1.6,1.4,1.2,0.9,0.9,0.9,0.9,0.9,0.9,1.0,0.9,0.8,0.7,0.6
"25-09-2014",0.6,0.6,0.6,0.8,0.9,0.9,1.2,1.9,1.8,0.9,1.0,0.9,0.9,0.8,0.4,0.9,0.9,0.9,0.8,0.9,0.8,0.6,0.5,0.5
"26-09-2014",0.4,0.5,0.4,0.4,0.5,0.6,0.7,0.8,1.5,1.4,1.1,0.9,1.1,0.8,0.6,0.5,0.5,0.9,1.2,1.0,0.8,0.4,0.3,0.3
"27-09-2014",0.4,0.2,0.2,0.4,0.5,0.4,0.5,0.6,0.5,0.5,0.6,0.7,0.7,0.9,0.9,0.9,0.8,0.7,0.7,0.7,0.7,0.6,0.6,0.6
"28-09-2014",0.7,0.6,0.6,0.6,0.6,0.6,0.7,0.7,0.6,0.5,0.6,0.6,0.6,1.0,0.8,0.7,0.6,0.6,0.8,0.9,1.1,0.8,0.9,0.8
"29-09-2014",0.8,0.8,0.6,0.6,0.6,0.7,0.9,1.2,1.4,1.2,1.3,1.6,1.6,1.2,1.2,0.8,0.7,0.8,0.9,1.0,0.8,0.8,0.7,0.7
"30-09-2014",0.7,0.6,0.6,0.6,0.6,0.8,0.9,1.4,1.5,1.3,1.1,1.2,1.1,1.1,1.1,0.9,0.9,0.9,1.3,1.5,1.3,1.1,0.9,0.9
"01-10-2014",1.0,0.9,0.8,0.9,0.9,1.1,1.6,2.2,2.8,1.8,1.1,1.0,0.9,1.2,1.5,1.0,0.9,1.1,1.3,1.9,1.9,1.7,1.0,0.9
"02-10-2014",0.9,0.7,0.7,0.6,0.7,0.9,1.0,1.2,1.5,1.4,1.4,1.2,1.1,1.1,0.9,1.0,0.9,1.1,1.3,1.8,1.8,1.1,0.9,0.8
"03-10-2014",0.8,0.7,0.5,0.5,0.6,0.8,1.1,1.5,1.9,1.6,1.5,1.9,1.6,1.7,1.6,1.4,0.8,0.8,0.8,0.7,0.6,0.5,0.5,0.5
"04-10-2014",0.6,0.5,0.7,0.6,0.6,0.6,0.8,0.8,0.9,1.1,1.2,1.3,1.4,1.4,0.9,1.0,0.7,0.7,0.6,0.8,0.9,0.8,0.6,0.6
"05-10-2014",0.6,0.7,0.8,0.8,0.7,0.7,0.9,1.0,1.0,0.8,0.9,0.9,0.8,0.7,0.7,0.7,0.7,0.7,1.0,1.0,1.2,1.0,0.9,1.0
"06-10-2014",0.9,0.6,0.5,0.5,0.6,0.9,1.2,1.9,2.2,2.0,1.2,0.8,1.1,1.5,1.4,1.1,1.0,0.9,0.8,0.8,0.8,0.7,0.6,1.0
"07-10-2014",0.9,0.8,0.7,0.7,0.6,0.8,1.5,2.0,2.4,1.8,1.4,0.9,1.0,0.6,0.6,0.9,0.6,1.0,1.4,2.2,1.5,0.9,0.7,1.1
"08-10-2014",1.5,1.1,0.9,0.8,0.8,0.9,1.5,1.8,2.5,1.4,1.4,1.5,1.2,1.1,1.0,0.9,1.0,0.9,1.0,1.6,1.4,1.3,1.2,1.0
"09-10-2014",0.8,0.7,0.5,0.6,0.7,0.9,1.1,1.7,1.6,1.3,1.3,1.2,1.0,1.1,0.9,0.8,1.0,0.8,1.0,0.8,1.0,0.9,1.0,0.8
"10-10-2014",0.6,0.6,0.5,0.5,0.5,0.6,0.9,1.0,1.1,1.1,1.3,1.3,1.3,1.1,1.0,0.9,0.7,0.9,0.9,1.0,1.0,0.9,0.6,0.7
"11-10-2014",0.7,0.6,0.6,0.6,0.6,0.7,0.8,0.9,0.9,0.9,1.1,1.0,0.9,0.9,0.7,0.7,0.6,0.6,0.6,0.7,1.0,1.2,1.1,1.4
"12-10-2014",1.2,1.0,0.7,0.8,0.8,0.9,1.1,1.2,1.3,1.3,1.0,1.0,1.0,0.9,0.8,0.8,0.8,0.8,0.9,0.9,0.8,1.0,1.5,1.4
"13-10-2014",1.1,0.9,0.7,0.5,0.6,0.9,1.3,2.3,3.1,2.1,1.2,1.1,1.0,1.2,1.0,0.6,0.7,0.9,0.8,0.9,0.8,1.0,0.9,1.5
"14-10-2014",1.2,0.9,0.8,0.6,0.6,0.9,1.4,1.9,2.6,1.7,1.2,1.1,1.2,1.0,1.1,0.8,0.8,1.1,1.0,1.0,1.0,1.0,0.9,1.0
"15-10-2014",1.3,1.4,0.9,0.7,0.7,0.9,1.5,2.0,3.0,2.4,1.0,0.9,1.2,0.8,0.6,0.6,0.5,0.9,1.1,0.9,1.0,1.2,1.3,1.1
"16-10-2014",1.1,1.2,1.0,1.4,1.0,1.2,1.7,1.9,2.1,3.0,1.8,1.0,0.9,0.9,0.8,0.5,0.4,0.8,0.9,0.5,0.4,0.4,0.5,0.5
"17-10-2014",0.4,0.4,0.4,0.4,0.5,0.5,0.6,0.8,0.8,0.9,0.9,0.9,1.0,0.9,0.6,0.7,0.5,0.8,0.7,0.7,0.6,0.4,0.4,0.5
"18-10-2014",0.4,0.5,0.4,0.5,0.4,0.5,0.6,0.7,0.8,0.7,0.8,0.6,0.5,0.7,0.3,0.4,0.6,0.6,0.6,0.4,0.4,0.5,0.6,0.6
"19-10-2014",0.7,0.7,0.6,0.5,0.4,0.5,0.5,0.6,0.6,0.7,1.0,0.8,0.7,0.6,0.6,0.6,0.6,0.7,0.8,0.9,1.5,0.8,0.6,0.6
"20-10-2014",0.7,0.6,0.6,0.6,0.7,0.8,1.0,1.3,1.4,1.1,1.4,-9999,1.1,1.0,0.9,0.9,1.0,1.0,1.1,1.3,2.0,2.0,1.1,1.2
"21-10-2014",1.0,1.1,1.0,0.9,0.8,1.1,1.6,2.4,2.7,2.3,1.0,0.8,0.9,1.0,0.8,0.9,0.8,1.1,1.1,1.2,1.1,1.0,1.0,2.1
"22-10-2014",1.7,1.4,1.3,1.0,1.0,1.1,1.0,1.0,2.0,2.2,1.1,0.7,0.8,0.9,0.7,0.7,0.6,0.7,1.0,1.0,1.0,0.9,0.8,0.7
"23-10-2014",0.7,0.7,0.6,0.7,0.7,0.7,0.6,0.6,0.6,0.5,0.6,0.4,0.6,0.5,0.5,0.7,0.4,0.2,0.2,0.6,0.6,0.7,0.8,1.2
"24-10-2014",1.3,1.3,1.2,0.9,0.8,1.0,1.4,1.0,1.5,2.7,1.5,1.1,1.3,1.1,1.1,1.1,1.1,1.1,1.1,0.9,0.9,0.6,0.6,0.6
"25-10-2014",0.4,0.7,0.8,1.1,1.2,1.2,1.6,1.9,2.2,2.1,1.4,1.4,1.5,1.2,1.1,1.3,0.8,0.8,0.9,1.0,1.1,0.9,0.9,0.8
"26-10-2014",0.8,0.8,0.8,0.8,0.7,0.8,0.7,0.7,0.7,0.8,0.7,0.7,0.7,0.7,0.7,0.6,0.6,0.6,0.8,0.9,0.9,0.9,0.9,0.9
"27-10-2014",0.8,0.7,0.6,0.6,0.6,0.6,0.7,0.9,1.2,1.1,1.2,1.2,1.3,1.8,2.0,1.8,1.2,1.2,1.3,1.1,1.2,1.1,1.0,0.9
"28-10-2014",0.7,0.7,0.6,0.6,0.6,0.6,0.6,0.7,0.7,0.8,0.9,1.0,1.0,1.1,0.9,1.0,1.0,1.1,1.2,1.2,1.3,1.1,1.1,1.1
"29-10-2014",0.9,0.8,0.6,0.6,0.8,0.8,0.9,1.1,1.3,1.5,1.4,1.3,1.2,1.3,1.3,1.6,1.4,1.4,1.3,1.2,1.3,1.3,1.0,0.8
"30-10-2014",0.8,0.7,0.7,0.6,0.7,0.8,0.9,1.7,1.4,1.2,1.2,1.1,1.2,1.2,1.2,1.1,1.4,1.6,2.9,2.4,2.1,1.7,1.4,1.2
"31-10-2014",1.1,0.9,0.8,0.7,0.7,1.1,1.5,1.7,2.1,2.1,2.3,1.8,2.1,1.8,1.7,1.6,1.4,1.8,1.6,1.6,1.5,1.2,1.0,0.9
"01-11-2014",0.7,0.8,0.7,0.7,0.7,0.8,1.0,0.9,1.0,1.1,1.1,1.5,1.5,1.6,1.3,1.4,1.2,1.1,1.1,1.2,1.5,1.6,1.8,1.3
"02-11-2014",1.1,1.0,0.9,0.9,0.8,0.8,1.0,1.0,0.9,0.9,1.2,0.9,0.9,0.6,0.7,0.7,0.8,0.9,1.0,1.1,1.2,1.0,0.9,0.8
"03-11-2014",0.7,0.7,0.8,0.6,0.6,0.7,1.2,1.7,1.7,1.5,1.6,1.3,1.3,1.4,1.5,1.4,1.6,2.0,2.1,1.8,1.5,1.6,1.3,1.2
"04-11-2014",1.1,0.9,0.8,0.7,0.7,0.8,1.2,1.8,2.3,1.7,1.2,1.0,1.0,0.9,1.0,1.0,1.1,1.1,1.8,2.2,2.3,2.4,1.9,1.7
"05-11-2014",1.7,1.5,1.4,1.4,1.3,1.3,1.9,2.1,2.2,1.4,1.2,0.9,0.9,0.7,0.7,0.7,0.9,1.0,0.9,0.9,0.9,0.8,0.7,0.6
"06-11-2014",0.6,0.5,0.5,0.4,0.4,0.6,0.7,1.4,1.1,0.5,0.7,0.8,0.8,0.8,0.9,0.7,0.8,1.1,1.3,1.3,1.8,2.7,2.7,2.3
"07-11-2014",2.1,1.7,1.2,0.9,0.9,1.1,1.2,1.9,1.9,1.6,1.0,0.8,0.9,0.9,0.9,0.8,0.9,1.4,1.3,1.1,0.8,0.9,0.7,0.7
"08-11-2014",0.8,0.7,0.6,0.6,0.6,0.8,1.0,1.0,1.4,1.2,1.6,1.7,1.5,1.9,2.1,1.7,1.2,1.3,1.2,1.2,1.5,1.5,1.3,1.3
"09-11-2014",1.1,0.8,0.8,0.8,1.0,1.1,1.1,1.0,1.0,1.0,1.1,0.7,0.7,0.7,0.7,0.7,0.7,0.8,0.7,0.9,1.9,2.4,2.2,1.6
"10-11-2014",1.4,1.2,1.0,0.7,0.7,0.9,1.3,1.7,2.1,1.7,1.5,1.2,1.1,1.0,0.9,0.7,0.8,0.9,1.1,1.6,1.5,1.6,1.3,1.2
"11-11-2014",0.9,0.7,0.6,0.6,0.6,0.7,1.0,1.4,1.6,1.6,1.2,1.1,0.9,0.5,0.3,0.1,0.2,0.7,1.5,1.6,1.3,1.4,1.2,1.1
"12-11-2014",0.9,0.7,0.6,0.6,0.6,0.8,1.1,1.5,1.5,1.0,0.8,0.5,0.8,0.6,0.6,0.6,0.7,0.8,1.1,1.3,1.3,1.2,0.8,0.8
"13-11-2014",0.7,0.6,0.6,0.5,0.6,0.6,0.9,1.1,1.0,0.9,0.4,0.4,0.4,0.3,0.4,0.4,0.5,0.7,0.7,0.9,1.5,1.1,1.0,0.8
"14-11-2014",0.7,0.3,0.3,0.4,0.5,0.6,0.7,0.7,0.7,0.8,0.6,0.6,0.6,0.6,0.6,0.6,0.6,0.6,0.7,0.6,0.6,0.5,0.5,0.4
"15-11-2014",0.4,0.4,0.4,0.4,0.4,0.4,0.5,0.5,0.4,0.4,0.4,0.5,0.4,0.5,0.5,0.4,0.4,0.5,0.6,0.6,0.6,0.5,0.6,0.7
"16-11-2014",0.8,0.8,0.6,0.6,0.5,0.6,0.5,0.5,0.5,0.5,0.6,0.5,0.4,0.4,0.3,0.3,0.4,0.4,0.4,0.5,0.7,0.7,0.8,0.7
"17-11-2014",0.7,0.6,0.5,0.5,0.4,0.5,0.5,0.6,0.5,0.5,0.4,0.4,0.3,0.3,0.2,0.2,0.3,0.4,0.4,0.5,0.4,0.4,0.5,0.7
"18-11-2014",0.6,0.5,0.5,0.5,0.4,0.4,0.5,0.6,0.6,0.5,0.4,0.3,0.3,0.3,0.3,0.3,0.3,0.4,0.4,0.5,0.4,0.4,0.4,0.4
"19-11-2014",-9999,-9999,-9999,-9999,-9999,-9999,-9999,-9999,-9999,-9999,-9999,-9999,-9999,-9999,-9999,-9999,-9999,-9999,-9999,-9999,-9999,-9999,-9999,-9999
"20-11-2014",-9999,-9999,-9999,-9999,-9999,-9999,-9999,-9999,-9999,-9999,-9999,-9999,-9999,-9999,-9999,-9999,-9999,-9999,-9999,-9999,-9999,-9999,-9999,-9999
"21-11-2014",-9999,-9999,-9999,-9999,-9999,-9999,-9999,-9999,-9999,-9999,-9999,-9999,-9999,-9999,-9999,-9999,-9999,-9999,-9999,-9999,-9999,-9999,-9999,-9999
"22-11-2014",-9999,-9999,-9999,-9999,-9999,-9999,-9999,-9999,-9999,-9999,-9999,-9999,-9999,-9999,-9999,-9999,-9999,-9999,-9999,-9999,-9999,-9999,-9999,-9999
"23-11-2014",-9999,-9999,-9999,-9999,-9999,-9999,-9999,-9999,-9999,-9999,-9999,-9999,-9999,-9999,-9999,-9999,-9999,-9999,-9999,-9999,-9999,-9999,-9999,-9999
"24-11-2014",-9999,-9999,-9999,-9999,-9999,-9999,-9999,-9999,-9999,-9999,-9999,-9999,-9999,-9999,-9999,-9999,-9999,-9999,-9999,-9999,-9999,-9999,-9999,-9999
"25-11-2014",-9999,-9999,-9999,-9999,-9999,-9999,-9999,-9999,-9999,-9999,-9999,-9999,-9999,-9999,-9999,-9999,-9999,-9999,-9999,-9999,-9999,-9999,-9999,-9999
"26-11-2014",-9999,-9999,-9999,-9999,-9999,-9999,-9999,-9999,-9999,-9999,-9999,-9999,-9999,-9999,-9999,-9999,-9999,-9999,-9999,-9999,-9999,-9999,-9999,-9999
"27-11-2014",-9999,-9999,-9999,-9999,-9999,-9999,-9999,-9999,-9999,-9999,-9999,-9999,-9999,-9999,-9999,-9999,-9999,-9999,-9999,-9999,-9999,-9999,-9999,-9999
"28-11-2014",-9999,-9999,-9999,-9999,-9999,-9999,-9999,-9999,-9999,-9999,-9999,-9999,-9999,-9999,-9999,-9999,-9999,-9999,-9999,-9999,-9999,-9999,-9999,-9999
"29-11-2014",-9999,-9999,-9999,-9999,-9999,-9999,-9999,-9999,-9999,-9999,-9999,-9999,-9999,-9999,-9999,-9999,-9999,-9999,-9999,-9999,-9999,-9999,-9999,-9999
"30-11-2014",-9999,-9999,-9999,-9999,-9999,-9999,-9999,-9999,-9999,-9999,-9999,-9999,-9999,-9999,-9999,-9999,-9999,-9999,-9999,-9999,-9999,-9999,-9999,-9999
"01-12-2014",-9999,-9999,-9999,-9999,-9999,-9999,-9999,-9999,-9999,-9999,-9999,-9999,-9999,-9999,-9999,-9999,-9999,-9999,-9999,-9999,-9999,-9999,-9999,-9999
"02-12-2014",-9999,-9999,-9999,-9999,-9999,-9999,-9999,-9999,-9999,-9999,-9999,-9999,-9999,-9999,-9999,-9999,-9999,-9999,-9999,-9999,-9999,-9999,-9999,-9999
"03-12-2014",-9999,-9999,-9999,-9999,-9999,-9999,-9999,-9999,-9999,-9999,-9999,-9999,-9999,-9999,-9999,-9999,-9999,-9999,-9999,-9999,-9999,-9999,-9999,-9999
"04-12-2014",-9999,-9999,-9999,-9999,-9999,-9999,-9999,-9999,-9999,-9999,-9999,-9999,-9999,-9999,-9999,-9999,-9999,-9999,-9999,-9999,-9999,-9999,-9999,-9999
"05-12-2014",-9999,-9999,-9999,-9999,-9999,-9999,-9999,-9999,-9999,-9999,-9999,-9999,-9999,-9999,-9999,-9999,-9999,-9999,-9999,-9999,-9999,-9999,-9999,-9999
"06-12-2014",-9999,-9999,-9999,-9999,-9999,-9999,-9999,-9999,-9999,-9999,-9999,-9999,-9999,-9999,-9999,-9999,-9999,-9999,-9999,-9999,-9999,-9999,-9999,-9999
"07-12-2014",-9999,-9999,-9999,-9999,-9999,-9999,-9999,-9999,-9999,-9999,-9999,-9999,-9999,-9999,-9999,-9999,-9999,-9999,-9999,-9999,-9999,-9999,-9999,-9999
"08-12-2014",-9999,-9999,-9999,-9999,-9999,-9999,-9999,-9999,-9999,-9999,-9999,-9999,-9999,-9999,-9999,-9999,-9999,-9999,-9999,-9999,-9999,-9999,-9999,-9999
"09-12-2014",-9999,-9999,-9999,-9999,-9999,-9999,-9999,-9999,-9999,-9999,-9999,-9999,-9999,-9999,-9999,-9999,-9999,-9999,-9999,-9999,-9999,-9999,-9999,-9999
"10-12-2014",-9999,-9999,-9999,-9999,-9999,-9999,-9999,-9999,-9999,-9999,-9999,-9999,-9999,-9999,-9999,-9999,-9999,-9999,-9999,-9999,-9999,-9999,-9999,-9999
"11-12-2014",-9999,-9999,-9999,-9999,-9999,-9999,-9999,-9999,-9999,-9999,-9999,-9999,-9999,-9999,-9999,-9999,-9999,-9999,-9999,-9999,-9999,-9999,-9999,-9999
"12-12-2014",-9999,-9999,-9999,-9999,-9999,-9999,-9999,-9999,-9999,-9999,-9999,-9999,-9999,-9999,-9999,-9999,-9999,-9999,-9999,-9999,-9999,-9999,-9999,-9999
"13-12-2014",-9999,-9999,-9999,-9999,-9999,-9999,-9999,-9999,-9999,-9999,-9999,-9999,-9999,-9999,-9999,-9999,-9999,-9999,-9999,-9999,-9999,-9999,-9999,-9999
"14-12-2014",-9999,-9999,-9999,-9999,-9999,-9999,-9999,-9999,-9999,-9999,-9999,-9999,-9999,-9999,-9999,-9999,-9999,-9999,-9999,-9999,-9999,-9999,-9999,-9999
"15-12-2014",-9999,-9999,-9999,-9999,-9999,-9999,-9999,-9999,-9999,-9999,-9999,-9999,-9999,-9999,-9999,-9999,-9999,-9999,-9999,-9999,-9999,-9999,-9999,-9999
"16-12-2014",-9999,-9999,-9999,-9999,-9999,-9999,-9999,-9999,-9999,-9999,-9999,-9999,-9999,-9999,-9999,-9999,-9999,-9999,-9999,-9999,-9999,-9999,-9999,-9999
"17-12-2014",-9999,-9999,-9999,-9999,-9999,-9999,-9999,-9999,-9999,-9999,-9999,-9999,-9999,-9999,-9999,-9999,-9999,-9999,-9999,-9999,-9999,-9999,-9999,-9999
"18-12-2014",-9999,-9999,-9999,-9999,-9999,-9999,-9999,-9999,-9999,-9999,-9999,-9999,-9999,-9999,-9999,-9999,-9999,-9999,-9999,-9999,-9999,-9999,-9999,-9999
"19-12-2014",-9999,-9999,-9999,-9999,-9999,-9999,-9999,-9999,-9999,-9999,-9999,-9999,-9999,-9999,-9999,-9999,-9999,-9999,-9999,-9999,-9999,-9999,-9999,-9999
"20-12-2014",-9999,-9999,-9999,-9999,-9999,-9999,-9999,-9999,-9999,-9999,-9999,-9999,-9999,-9999,-9999,-9999,-9999,-9999,-9999,-9999,-9999,-9999,-9999,-9999
"21-12-2014",-9999,-9999,-9999,-9999,-9999,-9999,-9999,-9999,-9999,-9999,-9999,-9999,-9999,-9999,-9999,-9999,-9999,-9999,-9999,-9999,-9999,-9999,-9999,-9999
"22-12-2014",-9999,-9999,-9999,-9999,-9999,-9999,-9999,-9999,-9999,-9999,-9999,-9999,-9999,-9999,-9999,-9999,-9999,-9999,-9999,-9999,-9999,-9999,-9999,-9999
"23-12-2014",-9999,-9999,-9999,-9999,-9999,-9999,-9999,-9999,-9999,-9999,-9999,-9999,-9999,-9999,-9999,-9999,-9999,-9999,-9999,-9999,-9999,-9999,-9999,-9999
"24-12-2014",-9999,-9999,-9999,-9999,-9999,-9999,-9999,-9999,-9999,-9999,-9999,-9999,-9999,-9999,-9999,-9999,-9999,-9999,-9999,-9999,-9999,-9999,-9999,-9999
"25-12-2014",-9999,-9999,-9999,-9999,-9999,-9999,-9999,-9999,-9999,-9999,-9999,-9999,-9999,-9999,-9999,-9999,-9999,-9999,-9999,-9999,-9999,-9999,-9999,-9999
"26-12-2014",-9999,-9999,-9999,-9999,-9999,-9999,-9999,-9999,-9999,-9999,-9999,-9999,-9999,-9999,-9999,-9999,-9999,-9999,-9999,-9999,-9999,-9999,-9999,-9999
"27-12-2014",-9999,-9999,-9999,-9999,-9999,-9999,-9999,-9999,-9999,-9999,-9999,-9999,-9999,-9999,-9999,-9999,-9999,-9999,-9999,-9999,-9999,-9999,-9999,-9999
"28-12-2014",-9999,-9999,-9999,-9999,-9999,-9999,-9999,-9999,-9999,-9999,-9999,-9999,-9999,-9999,-9999,-9999,-9999,-9999,-9999,-9999,-9999,-9999,-9999,-9999
"29-12-2014",-9999,-9999,-9999,-9999,-9999,-9999,-9999,-9999,-9999,-9999,-9999,-9999,-9999,-9999,-9999,-9999,-9999,-9999,-9999,-9999,-9999,-9999,-9999,-9999
"30-12-2014",-9999,-9999,-9999,-9999,-9999,-9999,-9999,-9999,-9999,-9999,-9999,-9999,-9999,-9999,-9999,-9999,-9999,-9999,-9999,-9999,-9999,-9999,-9999,-9999
"31-12-2014",-9999,-9999,-9999,-9999,-9999,-9999,-9999,-9999,-9999,-9999,-9999,-9999,-9999,-9999,-9999,-9999,-9999,-9999,-9999,-9999,-9999,-9999,-9999,-9999
