"01-01-2014",27,25,22,31,33,30,27,26,27,29,33,27,25,28,29,29,22,22,11,7,7,6,6,6
"02-01-2014",6,6,6,6,6,12,7,9,10,6,7,7,8,12,12,10,6,6,6,6,6,6,6,7
"03-01-2014",7,10,19,26,20,19,17,17,13,29,36,31,27,27,26,20,16,7,6,6,6,6,6,6
"04-01-2014",6,6,5,5,5,5,5,5,6,8,11,15,25,27,26,32,18,10,6,6,6,6,6,6
"05-01-2014",6,6,5,6,11,8,5,6,6,6,7,7,7,8,8,8,7,6,6,6,6,6,6,6
"06-01-2014",6,6,6,10,9,8,6,6,6,7,9,12,17,18,21,18,10,13,8,6,7,6,6,6
"07-01-2014",6,6,6,6,6,6,6,6,6,6,6,7,9,9,9,10,7,6,6,6,6,6,6,6
"08-01-2014",7,6,6,6,6,6,6,5,6,6,7,9,11,9,9,8,6,6,6,6,6,6,6,6
"09-01-2014",6,6,6,6,6,5,6,5,6,7,9,11,12,22,22,20,14,7,6,6,6,6,6,6
"10-01-2014",6,6,6,6,6,6,6,5,6,6,7,7,11,16,18,21,19,10,7,7,6,6,6,6
"11-01-2014",6,8,6,6,6,6,5,6,6,7,9,12,11,23,29,26,19,12,6,6,6,6,6,6
"12-01-2014",6,6,6,6,6,6,6,6,6,6,8,15,27,30,29,34,22,8,6,6,6,7,7,6
"13-01-2014",6,6,6,7,6,6,6,6,6,7,10,13,19,25,30,25,24,12,6,6,6,6,6,6
"14-01-2014",6,6,6,6,6,6,6,6,6,7,7,10,15,15,20,29,15,12,9,8,8,8,16,12
"15-01-2014",7,8,6,7,10,9,6,17,17,31,38,41,38,34,20,14,13,14,12,9,9,6,6,6
"16-01-2014",6,6,6,6,6,6,6,6,6,6,8,8,11,11,17,15,14,8,6,6,7,6,6,6
"17-01-2014",7,7,6,6,6,6,6,6,6,7,8,9,16,19,22,27,24,15,12,12,6,6,6,6
"18-01-2014",9,7,6,6,7,6,6,6,7,7,8,15,16,17,18,22,19,16,16,16,10,8,6,6
"19-01-2014",6,6,6,6,7,7,6,6,6,7,8,10,23,28,30,27,26,20,21,18,9,7,14,14
"20-01-2014",10,16,13,13,11,7,6,6,7,7,7,9,18,23,27,21,15,9,6,6,6,6,6,6
"21-01-2014",6,6,6,6,7,7,6,6,6,8,19,32,38,43,43,43,43,29,18,16,14,19,12,6
"22-01-2014",6,9,17,11,11,11,8,7,7,11,10,15,30,13,26,23,25,8,6,6,7,6,7,7
"23-01-2014",6,6,6,6,6,6,6,7,7,7,8,10,20,26,28,26,26,20,6,6,6,7,7,7
"24-01-2014",7,6,6,6,6,7,7,6,7,7,7,7,7,8,9,11,35,38,38,41,30,43,50,36
"25-01-2014",53,58,56,44,27,16,10,12,12,14,20,30,35,42,36,35,26,23,21,21,27,28,31,35
"26-01-2014",37,37,39,43,44,43,40,39,38,37,36,35,35,38,39,39,39,36,36,39,44,42,48,47
"27-01-2014",49,49,51,51,52,48,43,38,35,32,34,39,41,34,37,39,39,14,7,7,6,6,7,6
"28-01-2014",7,6,6,6,6,6,6,6,6,7,6,6,7,8,8,10,22,19,18,18,16,14,17,23
"29-01-2014",21,27,32,27,20,21,14,6,8,10,14,17,23,27,28,28,25,11,7,7,7,6,7,6
"30-01-2014",7,6,6,6,6,6,6,6,6,8,10,11,14,14,27,27,26,20,21,17,18,27,27,32
"31-01-2014",42,42,43,46,46,43,35,26,24,24,26,22,24,23,27,25,29,25,25,31,28,32,32,35
"01-02-2014",40,44,46,47,48,44,44,33,33,38,32,37,36,34,36,45,44,38,25,9,7,25,39,43
"02-02-2014",49,53,49,54,61,61,55,45,51,54,58,42,42,40,39,38,33,17,15,8,7,7,6,8
"03-02-2014",8,9,7,8,7,6,6,6,7,9,14,20,30,42,43,41,42,30,24,29,45,44,47,54
"04-02-2014",52,64,73,77,77,70,57,54,53,58,52,31,31,37,31,25,26,17,11,14,7,7,8,23
"05-02-2014",47,34,48,59,55,47,37,17,9,24,26,23,28,22,23,33,30,18,21,25,11,8,8,12
"06-02-2014",10,28,37,28,19,13,9,7,7,7,7,7,7,7,7,7,7,7,7,6,7,7,6,8
"07-02-2014",16,24,21,22,9,10,8,6,6,7,7,9,11,24,35,42,26,26,27,7,8,11,18,10
"08-02-2014",10,10,7,7,7,6,7,6,7,7,14,19,27,33,44,48,46,45,30,38,18,9,11,15
"09-02-2014",6,6,14,10,7,6,6,7,7,8,12,14,25,45,51,52,38,17,7,7,7,7,8,7
"10-02-2014",7,7,7,7,7,7,7,6,7,8,10,12,27,34,38,39,29,14,9,10,7,7,7,7
"11-02-2014",7,7,7,7,7,8,7,7,8,12,12,15,19,32,47,38,43,25,31,15,8,7,7,8
"12-02-2014",8,10,7,7,8,7,7,7,7,8,13,29,35,40,43,38,16,21,17,17,19,18,19,26
"13-02-2014",21,24,16,13,8,7,10,9,9,8,11,14,21,23,16,28,32,29,15,8,11,8,8,9
"14-02-2014",7,7,7,7,7,7,7,7,8,12,20,18,30,44,42,35,40,19,18,17,30,34,33,38
"15-02-2014",43,42,39,38,41,51,44,43,42,43,47,45,56,59,55,58,43,19,15,7,8,8,7,8
"16-02-2014",7,7,7,7,7,7,7,8,14,27,25,31,52,56,64,67,67,50,36,13,7,7,7,7
"17-02-2014",8,7,7,8,8,7,7,9,9,12,15,27,30,32,54,68,64,32,18,9,11,8,7,8
"18-02-2014",7,7,7,9,8,7,7,7,7,8,10,12,45,43,38,40,37,29,19,30,24,24,25,30
"19-02-2014",31,26,13,38,26,36,36,14,12,23,33,36,38,46,38,56,47,44,29,23,20,23,30,24
"20-02-2014",32,39,40,47,45,41,32,34,41,38,33,35,47,46,44,58,55,43,35,31,29,15,9,8
"21-02-2014",8,12,13,11,26,18,8,9,8,11,23,19,21,24,23,26,21,22,18,22,20,11,8,7
"22-02-2014",8,7,7,9,9,8,7,7,9,13,15,29,42,53,55,50,40,43,34,37,34,29,34,27
"23-02-2014",23,23,21,21,27,23,19,10,10,18,22,25,33,42,45,46,47,34,28,25,21,31,19,28
"24-02-2014",21,40,42,38,37,33,24,13,22,30,30,20,15,16,15,12,14,13,21,18,14,26,23,25
"25-02-2014",32,34,40,38,38,34,38,38,34,36,39,52,56,52,48,57,50,45,39,34,16,20,26,22
"26-02-2014",29,37,46,51,49,48,34,22,19,13,26,37,39,39,49,45,36,38,31,19,11,8,9,14
"27-02-2014",24,44,17,18,9,8,7,9,15,8,22,33,50,53,53,57,51,44,35,29,28,29,33,36
"28-02-2014",27,41,60,51,34,16,11,15,9,13,11,13,13,23,23,24,33,29,19,18,22,23,19,14
"01-03-2014",17,29,15,12,10,10,9,8,12,18,22,22,15,15,24,23,24,30,31,43,52,53,34,38
"02-03-2014",45,40,35,45,62,44,42,49,36,25,18,30,40,57,55,54,42,32,17,8,8,8,7,7
"03-03-2014",8,7,9,10,16,11,29,55,63,69,61,40,36,38,41,45,29,29,35,21,23,30,34,36
"04-03-2014",39,48,51,39,29,30,9,15,28,30,44,41,37,42,53,45,48,46,32,32,22,35,50,32
"05-03-2014",39,50,43,39,40,39,15,9,14,18,18,29,56,47,52,61,58,41,44,27,18,20,11,9
"06-03-2014",23,17,10,17,17,9,7,9,13,15,38,39,42,46,54,48,52,53,43,39,37,29,38,39
"07-03-2014",50,48,43,43,48,37,28,22,17,38,47,54,59,53,50,48,47,40,20,24,24,14,11,13
"08-03-2014",21,32,37,31,33,15,9,9,18,20,33,42,52,43,37,42,25,33,23,25,31,26,22,16
"09-03-2014",19,17,30,38,42,31,32,32,36,46,60,54,68,62,68,58,52,53,44,50,60,60,65,67
"10-03-2014",75,74,68,73,66,52,36,28,15,26,33,43,41,43,33,39,37,34,36,37,40,34,33,44
"11-03-2014",38,50,48,58,54,59,42,30,27,40,33,35,38,48,58,53,52,39,24,29,31,31,23,26
"12-03-2014",53,52,45,32,20,19,9,11,13,23,45,61,67,69,75,74,65,49,17,39,39,9,11,22
"13-03-2014",15,19,17,9,25,16,10,12,11,20,41,58,74,94,95,89,92,59,45,29,15,22,38,50
"14-03-2014",24,23,57,35,24,10,15,10,21,26,29,47,58,69,85,82,60,57,46,25,19,20,12,15
"15-03-2014",14,9,8,8,7,21,9,9,22,26,30,51,79,78,83,77,76,71,69,67,61,26,9,9
"16-03-2014",30,42,48,60,34,31,53,50,54,64,68,61,64,70,74,76,76,73,52,53,50,48,46,24
"17-03-2014",11,11,10,8,8,7,13,21,40,53,50,54,55,57,62,63,56,47,15,8,7,8,8,7
"18-03-2014",8,7,7,7,7,9,8,9,14,13,24,39,41,53,75,64,56,52,21,11,12,7,7,7
"19-03-2014",7,11,9,7,7,9,8,9,11,15,22,33,42,85,87,67,55,31,39,37,20,32,67,67
"20-03-2014",66,84,79,75,72,65,48,45,52,55,61,51,63,57,62,79,72,57,43,34,31,11,11,7
"21-03-2014",7,7,8,9,20,12,12,16,18,26,25,52,60,76,76,73,72,54,35,34,36,10,7,7
"22-03-2014",7,7,8,8,9,15,16,18,23,26,45,67,70,76,72,70,75,67,61,65,21,9,9,23
"23-03-2014",17,7,9,13,11,17,12,12,33,39,51,67,84,94,92,84,79,75,63,48,54,37,33,16
"24-03-2014",8,10,25,36,40,32,17,13,21,24,44,65,65,54,56,60,71,71,67,47,39,41,31,42
"25-03-2014",53,60,59,64,67,45,36,46,56,56,77,79,81,81,82,82,78,70,66,48,24,29,13,18
"26-03-2014",44,59,58,55,61,43,60,31,41,66,70,68,60,68,77,75,66,60,52,56,42,17,17,8
"27-03-2014",8,10,25,33,30,24,24,17,13,15,24,36,44,59,63,61,60,44,43,39,47,60,41,40
"28-03-2014",19,20,21,19,36,35,14,15,13,33,55,68,67,47,55,63,50,51,43,28,21,21,28,35
"29-03-2014",46,47,55,47,27,18,24,19,19,47,50,67,70,72,72,77,71,70,64,59,53,49,30,15
"30-03-2014",32,61,61,77,73,63,63,61,63,59,64,61,72,77,79,82,75,74,66,60,51,50,56,70
"31-03-2014",80,78,69,62,61,49,41,49,55,-9999,62,60,61,74,75,81,84,70,66,63,58,49,14,23
"01-04-2014",25,13,29,14,17,21,19,12,16,16,23,37,44,55,67,84,86,63,63,37,10,8,12,8
"02-04-2014",7,8,8,25,45,28,8,8,10,15,14,23,35,48,77,85,79,68,56,59,56,45,37,42
"03-04-2014",22,28,30,37,50,60,33,11,14,26,41,53,65,73,65,81,76,65,61,64,64,62,62,66
"04-04-2014",62,67,64,58,48,31,28,15,25,28,46,58,74,71,64,70,78,66,67,72,66,59,61,65
"05-04-2014",69,56,48,39,32,35,21,14,30,21,40,41,61,75,74,74,74,67,55,59,57,52,55,57
"06-04-2014",60,66,69,67,69,64,47,26,22,43,45,47,51,38,36,46,46,36,24,17,17,9,43,72
"07-04-2014",60,58,58,59,60,46,30,29,24,24,23,25,34,34,44,48,51,67,44,26,13,30,30,28
"08-04-2014",37,46,49,54,33,20,17,11,10,14,19,33,44,57,73,63,66,60,57,38,32,34,26,28
"09-04-2014",18,19,21,23,18,23,22,31,35,24,50,55,57,74,80,80,74,64,63,47,49,41,28,37
"10-04-2014",47,61,62,62,55,59,62,59,53,57,58,60,60,63,68,68,73,65,59,57,56,59,68,75
"11-04-2014",77,82,82,72,81,67,52,44,32,39,51,57,65,59,49,51,55,67,62,51,34,27,32,42
"12-04-2014",56,53,54,47,43,51,45,38,28,36,51,65,65,68,76,79,78,78,79,71,60,51,47,55
"13-04-2014",66,76,77,64,44,32,19,21,28,51,45,68,75,97,93,77,85,78,76,71,61,73,74,47
"14-04-2014",55,56,39,43,43,39,18,17,19,30,37,61,66,76,71,86,86,79,70,52,49,45,45,54
"15-04-2014",58,55,36,40,45,29,12,11,17,42,40,53,64,60,67,71,76,71,64,76,75,84,87,59
"16-04-2014",41,50,73,72,64,56,47,45,44,43,50,25,23,22,19,31,49,40,50,48,34,26,37,42
"17-04-2014",51,51,48,61,54,46,20,12,19,27,34,42,50,61,63,69,71,45,60,66,75,76,52,46
"18-04-2014",67,58,63,57,52,44,28,29,32,36,36,34,41,42,51,60,61,59,59,66,58,30,23,19
"19-04-2014",21,16,21,37,33,36,52,38,40,53,63,67,62,68,61,56,54,52,44,30,16,8,9,9
"20-04-2014",8,8,8,7,8,11,9,9,12,19,34,41,66,79,83,78,76,75,64,55,62,48,39,16
"21-04-2014",15,9,15,20,23,32,14,18,25,34,35,54,71,73,64,68,72,64,56,58,58,55,54,49
"22-04-2014",40,31,49,34,17,16,9,12,14,26,41,57,63,68,66,81,67,63,60,54,48,36,21,35
"23-04-2014",15,20,20,23,22,24,16,21,24,22,32,47,44,56,58,57,56,57,61,40,14,23,25,25
"24-04-2014",23,24,21,20,18,18,10,13,12,14,21,18,34,60,69,74,75,69,46,38,49,37,30,42
"25-04-2014",31,38,62,59,50,47,40,35,28,18,29,39,42,50,48,35,25,41,28,27,20,19,16,23
"26-04-2014",34,33,39,37,32,13,19,17,31,41,45,39,31,24,17,38,30,15,18,26,25,35,35,17
"27-04-2014",40,36,34,36,39,28,15,17,23,32,27,33,56,56,48,62,59,63,56,45,26,11,17,31
"28-04-2014",20,33,44,42,50,42,30,19,43,42,50,54,53,54,46,32,57,43,37,32,26,9,10,16
"29-04-2014",10,12,14,11,13,9,8,11,20,20,27,35,36,57,67,62,66,60,50,45,50,43,34,23
"30-04-2014",30,48,77,68,68,62,51,37,26,40,35,49,57,52,58,51,53,51,46,34,33,60,38,16
"01-05-2014",12,13,8,8,8,8,8,13,27,32,32,44,61,74,82,84,84,84,69,61,62,47,44,38
"02-05-2014",24,21,20,20,18,12,11,15,45,28,43,56,64,73,76,76,77,69,67,65,54,45,46,53
"03-05-2014",56,29,35,30,29,19,20,43,43,43,50,68,64,66,74,69,59,69,60,56,64,64,66,65
"04-05-2014",61,63,69,68,66,64,47,49,29,48,63,65,68,69,80,88,75,82,72,68,56,32,30,55
"05-05-2014",57,49,43,46,57,41,39,30,37,36,40,56,58,58,60,62,66,63,61,63,62,56,49,38
"06-05-2014",51,58,59,58,57,52,29,24,27,22,27,14,16,31,43,46,48,48,40,40,36,14,18,13
"07-05-2014",24,29,43,57,58,51,47,27,20,23,28,41,56,60,63,69,73,66,71,70,58,52,52,32
"08-05-2014",33,18,22,23,35,25,9,20,27,35,48,72,66,68,71,76,75,79,72,67,48,33,23,25
"09-05-2014",52,44,44,31,34,16,15,32,38,44,47,54,57,61,64,63,61,60,54,58,44,34,56,59
"10-05-2014",47,77,67,59,64,57,53,53,47,51,60,72,79,81,87,84,83,86,73,74,70,57,61,49
"11-05-2014",56,46,22,16,26,17,19,26,29,47,58,78,85,100,93,86,87,87,74,68,68,68,46,32
"12-05-2014",17,19,12,22,35,24,22,21,36,37,46,60,53,69,84,82,64,77,72,55,53,58,49,25
"13-05-2014",23,42,70,65,43,23,13,17,21,30,52,61,66,56,70,75,68,62,63,57,51,48,44,40
"14-05-2014",39,30,33,40,43,44,45,45,33,38,49,54,57,64,62,34,46,49,73,72,63,69,54,62
"15-05-2014",63,64,67,63,65,54,27,25,47,46,53,58,61,62,72,79,78,69,65,51,45,38,35,41
"16-05-2014",49,50,53,56,60,58,44,47,48,55,69,73,74,72,77,76,76,75,68,57,61,59,63,59
"17-05-2014",65,45,44,35,46,39,30,25,46,60,58,64,66,85,90,93,89,83,72,78,84,81,72,71
"18-05-2014",54,47,40,46,53,24,24,30,26,36,63,77,85,93,93,99,100,99,95,89,90,80,64,67
"19-05-2014",71,81,61,46,40,35,12,14,20,36,49,60,77,88,84,84,74,85,81,88,84,64,55,48
"20-05-2014",29,33,40,46,41,30,24,26,29,30,34,51,65,85,86,80,87,82,84,71,65,23,27,11
"21-05-2014",15,24,43,22,52,58,20,30,23,21,33,52,66,79,77,85,88,81,84,78,62,47,51,53
"22-05-2014",44,24,32,26,40,40,33,27,20,23,40,58,67,71,83,79,86,80,79,75,65,69,76,65
"23-05-2014",62,58,69,62,73,49,26,30,28,31,56,59,63,72,61,75,65,71,65,61,58,47,57,39
"24-05-2014",40,26,27,41,15,28,22,34,48,56,65,72,73,75,75,74,70,82,77,68,75,68,66,73
"25-05-2014",63,41,33,28,35,35,32,42,47,46,70,76,72,69,70,75,83,90,85,75,66,54,56,57
"26-05-2014",58,59,59,49,46,39,24,27,18,22,28,41,67,65,70,70,79,71,53,52,33,46,47,67
"27-05-2014",73,67,70,54,43,36,17,11,14,29,47,50,62,63,69,70,73,71,77,57,60,60,49,43
"28-05-2014",56,28,22,41,38,22,14,17,34,55,59,73,82,80,84,91,95,94,100,84,77,59,50,40
"29-05-2014",44,23,43,69,56,49,26,21,31,24,48,83,68,68,73,64,54,56,42,29,31,30,36,27
"30-05-2014",31,42,45,46,54,49,25,23,24,23,21,25,39,44,53,61,60,63,57,54,43,41,46,61
"31-05-2014",68,68,69,74,73,67,65,63,65,73,74,77,75,70,74,77,79,78,77,68,59,62,65,59
"01-06-2014",60,59,66,67,64,65,57,50,63,69,78,77,74,79,81,86,89,86,83,78,71,69,65,62
"02-06-2014",68,66,66,72,68,62,53,53,60,66,67,68,61,61,64,68,70,72,69,64,58,48,42,66
"03-06-2014",66,57,55,66,42,29,19,24,36,30,73,66,65,76,70,59,57,45,43,32,32,41,54,51
"04-06-2014",54,56,67,62,61,52,42,37,35,21,24,31,45,46,67,76,72,74,67,55,40,32,31,20
"05-06-2014",15,46,68,58,64,45,42,49,47,45,60,70,71,73,81,79,78,70,71,66,51,36,48,55
"06-06-2014",47,33,51,48,62,52,49,60,55,77,83,79,79,75,79,81,82,84,87,81,74,54,51,58
"07-06-2014",70,76,86,87,89,85,91,52,69,80,97,97,100,93,98,92,80,59,56,42,58,71,68,56
"08-06-2014",44,66,67,79,79,63,71,60,61,67,78,91,95,96,87,85,79,86,73,74,80,66,73,74
"09-06-2014",54,44,40,39,25,18,15,16,15,56,81,77,95,108,108,95,99,105,81,79,49,32,14,10
"10-06-2014",9,17,35,57,76,25,10,11,12,45,55,74,63,67,86,85,99,86,68,69,38,38,29,9
"11-06-2014",10,9,10,11,13,27,29,26,20,32,41,62,69,78,74,84,87,74,38,41,40,47,41,26
"12-06-2014",25,35,78,74,55,41,22,20,45,55,67,69,62,80,86,78,65,61,65,67,58,66,76,75
"13-06-2014",67,60,51,34,43,42,20,20,27,31,53,76,73,75,101,87,84,84,85,86,74,38,38,32
"14-06-2014",26,18,16,13,28,14,13,26,46,44,57,80,99,105,85,88,89,95,89,98,96,74,63,58
"15-06-2014",88,104,94,82,79,77,75,56,69,72,90,94,87,85,92,88,90,92,87,88,89,73,76,58
"16-06-2014",57,60,58,60,59,41,35,33,45,56,70,85,90,85,96,92,89,97,89,89,81,78,72,58
"17-06-2014",60,59,56,50,62,65,45,36,23,64,74,74,92,81,79,90,84,75,85,72,65,42,34,32
"18-06-2014",40,68,63,60,57,51,60,38,41,43,57,69,71,54,66,64,70,66,64,60,75,81,68,36
"19-06-2014",23,27,23,41,62,63,54,33,30,33,48,61,80,84,74,66,75,86,73,71,73,64,57,41
"20-06-2014",49,89,89,78,74,68,57,52,50,50,54,61,56,54,63,61,59,65,73,75,74,77,85,80
"21-06-2014",89,89,91,96,92,86,79,77,73,71,77,80,84,73,80,83,85,89,87,74,59,54,65,71
"22-06-2014",72,73,68,65,45,25,24,36,34,59,69,78,82,80,84,87,88,87,80,84,72,68,69,65
"23-06-2014",67,61,40,44,35,38,14,17,35,53,69,71,81,88,72,70,69,72,60,61,40,44,50,48
"24-06-2014",53,24,20,25,25,40,29,13,20,40,63,73,68,54,67,58,68,71,68,62,62,73,77,67
"25-06-2014",56,47,47,22,30,55,37,47,52,57,67,71,74,59,60,63,65,75,77,65,52,42,52,33
"26-06-2014",26,18,23,23,29,13,8,8,10,20,31,52,75,66,80,74,66,61,34,49,17,8,9,8
"27-06-2014",16,9,21,12,11,8,8,11,10,29,42,59,57,59,70,71,78,79,76,63,55,52,68,64
"28-06-2014",58,60,73,62,72,60,54,45,51,75,79,77,93,91,79,76,78,81,73,72,77,67,64,67
"29-06-2014",65,71,72,64,66,68,67,48,64,73,82,85,80,83,80,79,83,79,83,79,75,70,65,63
"30-06-2014",62,60,43,50,50,42,21,27,45,57,77,67,64,64,64,61,60,61,63,60,65,67,63,60
"01-07-2014",65,61,59,56,53,51,20,44,21,55,67,73,68,70,71,72,77,77,75,72,58,51,56,71
"02-07-2014",71,71,67,71,66,43,40,26,29,33,71,80,76,55,69,74,78,79,82,74,66,66,63,55
"03-07-2014",53,61,73,40,50,35,21,22,26,56,69,61,55,76,79,68,68,73,56,66,55,67,72,80
"04-07-2014",86,92,95,95,94,92,87,81,82,79,83,83,79,85,86,81,82,81,80,92,91,74,73,82
"05-07-2014",78,70,62,75,64,55,25,34,44,42,75,72,78,84,81,77,86,85,81,87,80,76,79,72
"06-07-2014",72,81,69,73,52,57,27,25,38,61,73,88,89,92,85,81,80,81,91,87,87,85,65,61
"07-07-2014",47,39,63,51,68,47,41,42,42,55,54,66,75,81,74,75,75,70,64,62,57,55,59,53
"08-07-2014",39,51,52,53,40,38,21,19,26,47,47,59,61,50,64,66,62,66,74,64,53,60,55,52
"09-07-2014",65,68,61,68,69,58,35,35,39,48,60,77,80,102,97,68,65,65,64,67,70,71,75,84
"10-07-2014",65,54,61,64,63,34,45,38,32,43,66,74,71,81,91,96,107,86,90,64,74,45,61,44
"11-07-2014",54,66,63,61,69,66,59,50,50,57,53,67,80,86,90,99,83,76,69,71,57,54,44,48
"12-07-2014",70,74,69,71,76,59,58,36,59,76,78,85,81,86,87,81,83,82,88,86,75,80,72,78
"13-07-2014",81,82,69,70,69,65,57,60,62,61,70,75,86,83,89,92,85,86,77,71,70,76,75,73
"14-07-2014",69,62,68,72,70,74,69,58,62,61,74,77,75,67,78,90,93,95,91,73,70,67,68,74
"15-07-2014",66,84,60,63,75,-9999,-9999,-9999,-9999,-9999,-9999,-9999,-9999,-9999,-9999,-9999,-9999,-9999,-9999,-9999,-9999,-9999,-9999,-9999
"16-07-2014",-9999,-9999,-9999,-9999,-9999,-9999,-9999,-9999,-9999,-9999,-9999,-9999,-9999,-9999,-9999,-9999,-9999,-9999,-9999,-9999,-9999,-9999,-9999,-9999
"17-07-2014",-9999,-9999,-9999,-9999,-9999,-9999,-9999,-9999,-9999,-9999,-9999,-9999,-9999,-9999,-9999,-9999,-9999,-9999,-9999,-9999,-9999,-9999,-9999,-9999
"18-07-2014",-9999,-9999,-9999,-9999,-9999,-9999,-9999,-9999,-9999,-9999,-9999,-9999,-9999,-9999,-9999,-9999,-9999,-9999,-9999,-9999,-9999,-9999,-9999,-9999
"19-07-2014",-9999,-9999,-9999,-9999,-9999,-9999,-9999,-9999,-9999,-9999,-9999,-9999,-9999,-9999,-9999,-9999,-9999,-9999,-9999,-9999,-9999,-9999,-9999,-9999
"20-07-2014",-9999,-9999,-9999,-9999,-9999,-9999,-9999,-9999,-9999,-9999,-9999,-9999,-9999,-9999,-9999,-9999,-9999,-9999,-9999,-9999,-9999,-9999,-9999,-9999
"21-07-2014",-9999,-9999,-9999,-9999,-9999,-9999,-9999,-9999,-9999,-9999,-9999,-9999,-9999,-9999,-9999,-9999,-9999,-9999,-9999,-9999,-9999,-9999,-9999,-9999
"22-07-2014",-9999,-9999,-9999,-9999,-9999,-9999,-9999,-9999,-9999,-9999,-9999,-9999,-9999,-9999,-9999,-9999,-9999,-9999,-9999,-9999,-9999,-9999,-9999,-9999
"23-07-2014",-9999,-9999,-9999,-9999,-9999,-9999,-9999,-9999,-9999,-9999,-9999,-9999,-9999,-9999,-9999,-9999,-9999,-9999,-9999,-9999,-9999,-9999,-9999,-9999
"24-07-2014",-9999,-9999,-9999,-9999,-9999,-9999,-9999,-9999,-9999,-9999,-9999,-9999,-9999,-9999,-9999,-9999,-9999,-9999,-9999,-9999,-9999,-9999,-9999,-9999
"25-07-2014",-9999,-9999,-9999,-9999,-9999,-9999,-9999,-9999,-9999,-9999,-9999,-9999,-9999,-9999,-9999,-9999,-9999,-9999,-9999,-9999,-9999,-9999,-9999,-9999
"26-07-2014",-9999,-9999,-9999,-9999,-9999,-9999,-9999,-9999,-9999,-9999,-9999,-9999,-9999,-9999,-9999,-9999,-9999,-9999,-9999,-9999,-9999,-9999,-9999,-9999
"27-07-2014",-9999,-9999,-9999,-9999,-9999,-9999,-9999,-9999,-9999,-9999,-9999,-9999,-9999,-9999,-9999,-9999,-9999,-9999,-9999,-9999,-9999,-9999,-9999,-9999
"28-07-2014",-9999,-9999,-9999,-9999,-9999,-9999,-9999,-9999,-9999,-9999,-9999,-9999,-9999,-9999,-9999,-9999,-9999,-9999,-9999,-9999,-9999,-9999,-9999,-9999
"29-07-2014",-9999,-9999,-9999,-9999,-9999,-9999,-9999,-9999,-9999,-9999,-9999,-9999,-9999,-9999,-9999,-9999,-9999,-9999,-9999,-9999,-9999,-9999,-9999,-9999
"30-07-2014",-9999,-9999,-9999,-9999,-9999,-9999,-9999,-9999,-9999,-9999,-9999,-9999,-9999,-9999,-9999,-9999,-9999,-9999,-9999,-9999,-9999,-9999,-9999,-9999
"31-07-2014",-9999,-9999,-9999,-9999,-9999,-9999,-9999,-9999,-9999,-9999,-9999,-9999,-9999,-9999,-9999,-9999,-9999,-9999,-9999,-9999,-9999,-9999,-9999,-9999
"01-08-2014",-9999,-9999,-9999,-9999,-9999,-9999,-9999,-9999,-9999,-9999,-9999,-9999,-9999,-9999,-9999,-9999,-9999,-9999,-9999,-9999,-9999,-9999,-9999,-9999
"02-08-2014",-9999,-9999,-9999,-9999,-9999,-9999,-9999,-9999,-9999,-9999,-9999,-9999,-9999,-9999,-9999,-9999,-9999,-9999,-9999,-9999,-9999,-9999,-9999,-9999
"03-08-2014",-9999,-9999,-9999,-9999,-9999,-9999,-9999,-9999,-9999,-9999,-9999,-9999,-9999,-9999,-9999,-9999,-9999,-9999,-9999,-9999,-9999,-9999,-9999,-9999
"04-08-2014",-9999,-9999,-9999,-9999,-9999,-9999,-9999,-9999,-9999,-9999,-9999,-9999,-9999,-9999,-9999,-9999,-9999,-9999,-9999,-9999,-9999,-9999,-9999,-9999
"05-08-2014",-9999,-9999,-9999,-9999,-9999,-9999,-9999,-9999,-9999,-9999,-9999,-9999,-9999,-9999,-9999,-9999,-9999,-9999,-9999,-9999,-9999,-9999,-9999,-9999
"06-08-2014",-9999,-9999,-9999,-9999,-9999,-9999,-9999,-9999,-9999,-9999,-9999,-9999,-9999,-9999,-9999,-9999,-9999,-9999,-9999,-9999,-9999,-9999,-9999,-9999
"07-08-2014",-9999,-9999,-9999,-9999,-9999,-9999,-9999,-9999,-9999,-9999,-9999,-9999,-9999,-9999,-9999,-9999,-9999,-9999,-9999,-9999,-9999,-9999,-9999,-9999
"08-08-2014",-9999,-9999,-9999,-9999,-9999,-9999,-9999,-9999,-9999,-9999,-9999,-9999,-9999,-9999,-9999,-9999,-9999,-9999,-9999,-9999,-9999,-9999,-9999,-9999
"09-08-2014",-9999,-9999,-9999,-9999,-9999,-9999,-9999,-9999,-9999,-9999,-9999,-9999,-9999,-9999,-9999,-9999,-9999,-9999,-9999,-9999,-9999,-9999,-9999,-9999
"10-08-2014",-9999,-9999,-9999,-9999,-9999,-9999,-9999,-9999,-9999,-9999,-9999,-9999,-9999,-9999,-9999,-9999,-9999,-9999,-9999,-9999,-9999,-9999,-9999,-9999
"11-08-2014",-9999,-9999,-9999,-9999,-9999,-9999,-9999,-9999,-9999,-9999,-9999,-9999,-9999,-9999,-9999,-9999,-9999,-9999,-9999,-9999,-9999,-9999,-9999,-9999
"12-08-2014",-9999,-9999,-9999,-9999,-9999,-9999,-9999,-9999,-9999,-9999,-9999,-9999,-9999,-9999,-9999,-9999,-9999,-9999,-9999,-9999,-9999,-9999,-9999,-9999
"13-08-2014",-9999,-9999,-9999,-9999,-9999,-9999,-9999,-9999,-9999,-9999,-9999,-9999,-9999,-9999,-9999,-9999,-9999,-9999,-9999,-9999,-9999,-9999,-9999,-9999
"14-08-2014",-9999,-9999,-9999,-9999,-9999,-9999,-9999,-9999,-9999,-9999,-9999,-9999,-9999,-9999,-9999,-9999,-9999,-9999,-9999,-9999,-9999,-9999,-9999,-9999
"15-08-2014",-9999,-9999,-9999,-9999,-9999,-9999,-9999,-9999,-9999,-9999,-9999,-9999,-9999,-9999,-9999,-9999,-9999,-9999,-9999,-9999,-9999,-9999,-9999,-9999
"16-08-2014",-9999,-9999,-9999,-9999,-9999,-9999,-9999,-9999,-9999,-9999,-9999,-9999,-9999,-9999,-9999,-9999,-9999,-9999,-9999,-9999,-9999,-9999,-9999,-9999
"17-08-2014",-9999,-9999,-9999,-9999,-9999,-9999,-9999,-9999,-9999,-9999,-9999,-9999,-9999,-9999,-9999,-9999,-9999,-9999,-9999,-9999,-9999,-9999,-9999,-9999
"18-08-2014",-9999,-9999,-9999,-9999,-9999,-9999,-9999,-9999,-9999,-9999,-9999,-9999,-9999,-9999,-9999,-9999,-9999,-9999,-9999,-9999,-9999,-9999,-9999,-9999
"19-08-2014",-9999,-9999,-9999,-9999,-9999,-9999,-9999,-9999,-9999,-9999,-9999,-9999,-9999,-9999,-9999,-9999,-9999,-9999,-9999,-9999,-9999,-9999,-9999,-9999
"20-08-2014",-9999,-9999,-9999,-9999,-9999,-9999,-9999,-9999,-9999,-9999,-9999,-9999,-9999,-9999,-9999,-9999,-9999,-9999,-9999,-9999,-9999,-9999,-9999,-9999
"21-08-2014",-9999,-9999,-9999,-9999,-9999,-9999,-9999,-9999,-9999,-9999,-9999,-9999,-9999,-9999,-9999,-9999,-9999,-9999,-9999,-9999,-9999,-9999,-9999,-9999
"22-08-2014",-9999,-9999,-9999,-9999,-9999,-9999,-9999,-9999,-9999,-9999,-9999,-9999,-9999,-9999,-9999,-9999,-9999,-9999,-9999,-9999,-9999,-9999,-9999,-9999
"23-08-2014",-9999,-9999,-9999,-9999,-9999,-9999,-9999,-9999,-9999,-9999,-9999,-9999,-9999,-9999,-9999,-9999,-9999,-9999,-9999,-9999,-9999,-9999,-9999,-9999
"24-08-2014",-9999,-9999,-9999,-9999,-9999,-9999,-9999,-9999,-9999,-9999,-9999,-9999,-9999,-9999,-9999,-9999,-9999,-9999,-9999,-9999,-9999,-9999,-9999,-9999
"25-08-2014",-9999,-9999,-9999,-9999,-9999,-9999,-9999,-9999,-9999,-9999,-9999,-9999,-9999,-9999,-9999,-9999,-9999,-9999,-9999,-9999,-9999,-9999,-9999,-9999
"26-08-2014",-9999,-9999,-9999,-9999,-9999,-9999,-9999,-9999,-9999,-9999,-9999,-9999,-9999,-9999,-9999,-9999,-9999,-9999,-9999,-9999,-9999,-9999,-9999,-9999
"27-08-2014",-9999,-9999,-9999,-9999,-9999,-9999,-9999,-9999,-9999,-9999,-9999,-9999,-9999,-9999,-9999,-9999,-9999,-9999,-9999,-9999,-9999,-9999,-9999,-9999
"28-08-2014",-9999,-9999,-9999,-9999,-9999,-9999,-9999,-9999,-9999,-9999,-9999,-9999,-9999,-9999,-9999,-9999,-9999,-9999,-9999,-9999,-9999,-9999,-9999,-9999
"29-08-2014",-9999,-9999,-9999,-9999,-9999,-9999,-9999,-9999,-9999,-9999,-9999,-9999,-9999,-9999,-9999,-9999,-9999,-9999,-9999,-9999,-9999,-9999,-9999,-9999
"30-08-2014",-9999,-9999,-9999,-9999,-9999,-9999,-9999,-9999,-9999,-9999,-9999,-9999,-9999,-9999,-9999,-9999,-9999,-9999,-9999,-9999,-9999,-9999,-9999,-9999
"31-08-2014",-9999,-9999,-9999,-9999,-9999,-9999,-9999,-9999,-9999,-9999,-9999,-9999,-9999,-9999,-9999,-9999,-9999,-9999,-9999,-9999,-9999,-9999,-9999,-9999
"01-09-2014",-9999,-9999,-9999,-9999,-9999,-9999,-9999,-9999,-9999,-9999,-9999,-9999,-9999,-9999,-9999,-9999,-9999,-9999,-9999,-9999,-9999,-9999,-9999,-9999
"02-09-2014",-9999,-9999,-9999,-9999,-9999,-9999,-9999,-9999,-9999,-9999,-9999,-9999,-9999,-9999,-9999,-9999,-9999,-9999,-9999,-9999,-9999,-9999,-9999,-9999
"03-09-2014",-9999,-9999,-9999,-9999,-9999,-9999,-9999,-9999,-9999,-9999,-9999,-9999,-9999,-9999,-9999,-9999,-9999,-9999,-9999,-9999,-9999,-9999,-9999,-9999
"04-09-2014",-9999,-9999,-9999,-9999,-9999,-9999,-9999,-9999,-9999,-9999,-9999,-9999,-9999,-9999,-9999,-9999,-9999,-9999,-9999,-9999,-9999,-9999,-9999,-9999
"05-09-2014",-9999,-9999,-9999,-9999,-9999,-9999,-9999,-9999,-9999,-9999,-9999,-9999,-9999,-9999,-9999,-9999,-9999,-9999,-9999,-9999,-9999,-9999,-9999,-9999
"06-09-2014",-9999,-9999,-9999,-9999,-9999,-9999,-9999,-9999,-9999,-9999,-9999,-9999,-9999,-9999,-9999,-9999,-9999,-9999,-9999,-9999,-9999,-9999,-9999,-9999
"07-09-2014",-9999,-9999,-9999,-9999,-9999,-9999,-9999,-9999,-9999,-9999,-9999,-9999,-9999,-9999,-9999,-9999,-9999,-9999,-9999,-9999,-9999,-9999,-9999,-9999
"08-09-2014",-9999,-9999,-9999,-9999,-9999,-9999,-9999,-9999,-9999,-9999,-9999,-9999,-9999,-9999,-9999,-9999,-9999,-9999,-9999,-9999,-9999,-9999,-9999,-9999
"09-09-2014",-9999,-9999,-9999,-9999,-9999,-9999,-9999,-9999,-9999,-9999,-9999,-9999,-9999,-9999,-9999,-9999,-9999,-9999,-9999,-9999,-9999,-9999,-9999,-9999
"10-09-2014",-9999,-9999,-9999,-9999,-9999,-9999,-9999,-9999,-9999,-9999,-9999,-9999,-9999,-9999,-9999,-9999,-9999,-9999,-9999,-9999,-9999,-9999,-9999,-9999
"11-09-2014",-9999,-9999,-9999,-9999,-9999,-9999,-9999,-9999,-9999,-9999,-9999,-9999,-9999,-9999,-9999,-9999,-9999,-9999,-9999,-9999,-9999,-9999,-9999,-9999
"12-09-2014",-9999,-9999,-9999,-9999,-9999,-9999,-9999,-9999,-9999,-9999,-9999,-9999,-9999,-9999,-9999,-9999,-9999,-9999,-9999,-9999,-9999,-9999,-9999,-9999
"13-09-2014",-9999,-9999,-9999,-9999,-9999,-9999,-9999,-9999,-9999,-9999,-9999,-9999,-9999,-9999,-9999,-9999,-9999,-9999,-9999,-9999,-9999,-9999,-9999,-9999
"14-09-2014",-9999,-9999,-9999,-9999,-9999,-9999,-9999,-9999,-9999,-9999,-9999,-9999,-9999,-9999,-9999,-9999,-9999,-9999,-9999,-9999,-9999,-9999,-9999,-9999
"15-09-2014",-9999,-9999,-9999,-9999,-9999,-9999,-9999,-9999,-9999,-9999,-9999,-9999,-9999,-9999,-9999,-9999,-9999,-9999,-9999,-9999,-9999,-9999,-9999,-9999
"16-09-2014",-9999,-9999,-9999,-9999,-9999,-9999,-9999,-9999,-9999,-9999,-9999,-9999,-9999,-9999,-9999,-9999,-9999,-9999,-9999,-9999,-9999,-9999,-9999,-9999
"17-09-2014",-9999,-9999,-9999,-9999,-9999,-9999,-9999,-9999,-9999,-9999,-9999,-9999,-9999,-9999,-9999,-9999,-9999,-9999,-9999,-9999,-9999,-9999,-9999,-9999
"18-09-2014",-9999,-9999,-9999,-9999,-9999,-9999,-9999,-9999,-9999,-9999,-9999,-9999,-9999,-9999,-9999,-9999,-9999,-9999,-9999,-9999,-9999,-9999,-9999,-9999
"19-09-2014",-9999,-9999,-9999,-9999,-9999,-9999,-9999,-9999,-9999,-9999,-9999,-9999,-9999,-9999,-9999,-9999,-9999,-9999,-9999,-9999,-9999,-9999,-9999,-9999
"20-09-2014",-9999,-9999,-9999,-9999,-9999,-9999,-9999,-9999,-9999,-9999,-9999,-9999,-9999,-9999,-9999,-9999,-9999,-9999,-9999,-9999,-9999,-9999,-9999,-9999
"21-09-2014",-9999,-9999,-9999,-9999,-9999,-9999,-9999,-9999,-9999,-9999,-9999,-9999,-9999,-9999,-9999,-9999,-9999,-9999,-9999,-9999,-9999,-9999,-9999,-9999
"22-09-2014",-9999,-9999,-9999,-9999,-9999,-9999,-9999,-9999,-9999,-9999,-9999,-9999,-9999,-9999,-9999,-9999,-9999,-9999,-9999,-9999,-9999,-9999,-9999,-9999
"23-09-2014",-9999,-9999,-9999,-9999,-9999,-9999,-9999,-9999,-9999,-9999,-9999,-9999,-9999,-9999,-9999,-9999,-9999,-9999,-9999,-9999,-9999,-9999,-9999,-9999
"24-09-2014",-9999,-9999,-9999,-9999,-9999,-9999,-9999,-9999,-9999,-9999,-9999,-9999,-9999,-9999,-9999,-9999,-9999,-9999,-9999,-9999,-9999,-9999,-9999,-9999
"25-09-2014",-9999,-9999,-9999,-9999,-9999,-9999,-9999,-9999,-9999,-9999,-9999,-9999,-9999,-9999,-9999,-9999,-9999,-9999,-9999,-9999,-9999,-9999,-9999,-9999
"26-09-2014",-9999,-9999,-9999,-9999,-9999,-9999,-9999,-9999,-9999,-9999,-9999,-9999,-9999,-9999,-9999,-9999,-9999,-9999,-9999,-9999,-9999,-9999,-9999,-9999
"27-09-2014",-9999,-9999,-9999,-9999,-9999,-9999,-9999,-9999,-9999,-9999,-9999,-9999,-9999,-9999,-9999,-9999,-9999,-9999,-9999,-9999,-9999,-9999,-9999,-9999
"28-09-2014",-9999,-9999,-9999,-9999,-9999,-9999,-9999,-9999,-9999,-9999,-9999,-9999,-9999,-9999,-9999,-9999,-9999,-9999,-9999,-9999,-9999,-9999,-9999,-9999
"29-09-2014",-9999,-9999,-9999,-9999,-9999,-9999,-9999,-9999,-9999,-9999,-9999,-9999,-9999,-9999,-9999,-9999,-9999,-9999,-9999,-9999,-9999,-9999,-9999,-9999
"30-09-2014",-9999,-9999,-9999,-9999,-9999,-9999,-9999,-9999,-9999,-9999,-9999,-9999,-9999,-9999,-9999,-9999,-9999,-9999,-9999,-9999,-9999,-9999,-9999,-9999
"01-10-2014",-9999,-9999,-9999,-9999,-9999,-9999,-9999,-9999,-9999,-9999,-9999,-9999,-9999,-9999,-9999,-9999,-9999,-9999,-9999,-9999,-9999,-9999,-9999,-9999
"02-10-2014",-9999,-9999,-9999,-9999,-9999,-9999,-9999,-9999,-9999,-9999,-9999,-9999,-9999,-9999,-9999,-9999,-9999,-9999,-9999,-9999,-9999,-9999,-9999,-9999
"03-10-2014",-9999,-9999,-9999,-9999,-9999,-9999,-9999,-9999,-9999,-9999,-9999,-9999,-9999,-9999,-9999,-9999,-9999,-9999,-9999,-9999,-9999,-9999,-9999,-9999
"04-10-2014",-9999,-9999,-9999,-9999,-9999,-9999,-9999,-9999,-9999,-9999,-9999,-9999,-9999,-9999,-9999,-9999,-9999,-9999,-9999,-9999,-9999,-9999,-9999,-9999
"05-10-2014",-9999,-9999,-9999,-9999,-9999,-9999,-9999,-9999,-9999,-9999,-9999,-9999,-9999,-9999,-9999,-9999,-9999,-9999,-9999,-9999,-9999,-9999,-9999,-9999
"06-10-2014",-9999,-9999,-9999,-9999,-9999,-9999,-9999,-9999,-9999,-9999,-9999,-9999,-9999,-9999,-9999,-9999,-9999,-9999,-9999,-9999,-9999,-9999,-9999,-9999
"07-10-2014",-9999,-9999,-9999,-9999,-9999,-9999,-9999,-9999,-9999,-9999,-9999,-9999,-9999,-9999,-9999,-9999,-9999,-9999,-9999,-9999,-9999,-9999,-9999,-9999
"08-10-2014",-9999,-9999,-9999,-9999,-9999,-9999,-9999,-9999,-9999,-9999,-9999,-9999,-9999,-9999,-9999,-9999,-9999,-9999,-9999,-9999,-9999,-9999,-9999,-9999
"09-10-2014",-9999,-9999,-9999,-9999,-9999,-9999,-9999,-9999,-9999,-9999,-9999,-9999,-9999,-9999,-9999,-9999,-9999,-9999,-9999,-9999,-9999,-9999,-9999,-9999
"10-10-2014",-9999,-9999,-9999,-9999,-9999,-9999,-9999,-9999,-9999,-9999,-9999,-9999,-9999,-9999,-9999,-9999,-9999,-9999,-9999,-9999,-9999,-9999,-9999,-9999
"11-10-2014",-9999,-9999,-9999,-9999,-9999,-9999,-9999,-9999,-9999,-9999,-9999,-9999,-9999,-9999,-9999,-9999,-9999,-9999,-9999,-9999,-9999,-9999,-9999,-9999
"12-10-2014",-9999,-9999,-9999,-9999,-9999,-9999,-9999,-9999,-9999,-9999,-9999,-9999,-9999,-9999,-9999,-9999,-9999,-9999,-9999,-9999,-9999,-9999,-9999,-9999
"13-10-2014",-9999,-9999,-9999,-9999,-9999,-9999,-9999,-9999,-9999,-9999,-9999,-9999,-9999,-9999,-9999,-9999,-9999,-9999,-9999,-9999,-9999,-9999,-9999,-9999
"14-10-2014",-9999,-9999,-9999,-9999,-9999,-9999,-9999,-9999,-9999,-9999,-9999,-9999,-9999,-9999,-9999,-9999,-9999,-9999,-9999,-9999,-9999,-9999,-9999,-9999
"15-10-2014",-9999,-9999,-9999,-9999,-9999,-9999,-9999,-9999,-9999,-9999,-9999,-9999,-9999,-9999,-9999,-9999,-9999,-9999,-9999,-9999,-9999,-9999,-9999,-9999
"16-10-2014",-9999,-9999,-9999,-9999,-9999,-9999,-9999,-9999,-9999,-9999,-9999,-9999,-9999,-9999,-9999,-9999,-9999,-9999,-9999,-9999,-9999,-9999,-9999,-9999
"17-10-2014",-9999,-9999,-9999,-9999,-9999,-9999,-9999,-9999,-9999,-9999,-9999,-9999,-9999,-9999,-9999,-9999,-9999,-9999,-9999,-9999,-9999,-9999,-9999,-9999
"18-10-2014",-9999,-9999,-9999,-9999,-9999,-9999,-9999,-9999,-9999,-9999,-9999,-9999,-9999,-9999,-9999,-9999,-9999,-9999,-9999,-9999,-9999,-9999,-9999,-9999
"19-10-2014",-9999,-9999,-9999,-9999,-9999,-9999,-9999,-9999,-9999,-9999,-9999,-9999,-9999,-9999,-9999,-9999,-9999,-9999,-9999,-9999,-9999,-9999,-9999,-9999
"20-10-2014",-9999,-9999,-9999,-9999,-9999,-9999,-9999,-9999,-9999,-9999,-9999,-9999,-9999,-9999,-9999,-9999,-9999,-9999,-9999,-9999,-9999,-9999,-9999,-9999
"21-10-2014",-9999,-9999,-9999,-9999,-9999,-9999,-9999,-9999,-9999,-9999,-9999,-9999,-9999,-9999,-9999,-9999,-9999,-9999,-9999,-9999,-9999,-9999,-9999,-9999
"22-10-2014",-9999,-9999,-9999,-9999,-9999,-9999,-9999,-9999,-9999,-9999,-9999,-9999,-9999,-9999,-9999,-9999,-9999,-9999,-9999,-9999,-9999,-9999,-9999,-9999
"23-10-2014",-9999,-9999,-9999,-9999,-9999,-9999,-9999,-9999,-9999,-9999,-9999,-9999,-9999,31,36,40,26,28,28,26,18,23,35,39
"24-10-2014",28,42,27,14,27,5,4,4,5,6,7,13,6,6,7,7,9,54,61,62,76,82,85,53
"25-10-2014",35,40,46,41,59,82,29,22,19,13,14,11,24,21,17,14,14,9,18,22,16,18,16,32
"26-10-2014",35,29,26,35,40,30,17,32,19,24,23,26,32,21,31,32,37,28,21,18,12,15,20,32
"27-10-2014",31,30,32,36,38,34,31,27,11,12,21,27,31,38,32,38,27,15,10,6,9,14,18,27
"28-10-2014",47,59,58,68,68,57,44,24,44,44,41,44,51,49,55,60,55,39,29,30,33,45,47,38
"29-10-2014",39,23,38,62,57,38,9,7,9,31,31,32,34,41,48,52,27,13,23,21,23,12,8,5
"30-10-2014",5,5,9,4,4,4,4,4,6,8,17,26,35,43,46,39,26,26,23,15,16,7,19,29
"31-10-2014",30,41,48,50,50,37,24,25,24,35,-9999,-9999,-9999,31,28,20,20,15,9,13,18,34,16,21
"01-11-2014",22,42,39,37,34,35,34,20,34,47,54,61,68,59,53,50,44,33,32,43,32,31,40,36
"02-11-2014",30,24,42,50,49,40,12,16,37,54,58,65,66,70,64,63,62,20,4,5,4,5,4,3
"03-11-2014",4,3,3,7,18,13,5,4,4,4,7,15,21,37,48,37,42,21,26,22,14,20,16,29
"04-11-2014",27,14,15,22,41,34,14,7,12,11,16,34,41,46,53,50,51,37,15,10,11,11,13,13
"05-11-2014",19,39,26,21,14,15,4,5,4,4,5,12,15,21,38,37,36,28,17,17,28,26,41,26
"06-11-2014",31,12,31,44,40,20,11,7,8,6,12,8,9,10,7,6,5,5,3,6,4,7,3,4
"07-11-2014",3,3,3,3,3,3,3,3,4,4,4,6,9,27,34,28,15,18,5,4,3,3,4,4
"08-11-2014",3,15,53,60,59,15,4,40,45,65,61,54,52,55,53,50,40,33,13,18,16,25,50,86
"09-11-2014",87,84,81,67,47,37,48,58,39,43,55,58,63,61,45,33,37,41,17,10,5,9,3,5
"10-11-2014",4,4,4,3,3,3,2,4,4,6,10,18,27,44,58,58,61,36,3,4,4,4,4,3
"11-11-2014",4,3,3,3,3,15,3,7,8,12,8,11,9,10,9,6,5,3,3,3,3,3,3,3
"12-11-2014",3,3,12,24,8,3,5,3,4,7,9,14,19,19,14,20,26,14,5,3,5,21,33,10
"13-11-2014",31,48,30,66,58,36,16,14,8,6,6,4,6,14,20,18,18,17,21,12,3,4,6,3
"14-11-2014",3,4,7,7,24,26,16,10,6,7,10,17,14,15,13,18,8,5,11,17,4,3,3,3
"15-11-2014",3,3,3,3,4,4,3,3,4,5,7,17,17,13,15,17,29,34,33,27,10,18,24,27
"16-11-2014",27,36,38,40,44,41,15,23,23,32,37,41,40,45,48,55,44,21,21,24,33,25,15,23
"17-11-2014",43,55,37,37,27,33,6,8,7,7,7,10,7,9,15,11,10,5,3,3,3,3,3,3
"18-11-2014",3,3,3,3,3,2,2,3,3,4,4,13,13,21,23,16,11,10,7,5,3,7,9,16
"19-11-2014",7,5,3,3,3,3,3,3,13,8,16,34,23,24,23,28,16,7,4,4,4,4,6,7
"20-11-2014",40,46,63,71,73,65,56,43,36,35,43,45,49,46,42,40,35,34,31,29,27,22,19,23
"21-11-2014",26,28,24,28,32,34,24,20,22,29,45,45,51,56,55,55,48,40,25,28,21,21,25,27
"22-11-2014",37,45,56,55,51,48,36,39,38,44,52,59,56,52,52,42,26,15,33,26,18,8,10,29
"23-11-2014",30,43,48,47,46,21,15,6,19,37,37,40,56,56,46,54,44,18,7,21,12,5,5,7
"24-11-2014",5,7,9,6,9,6,4,4,5,7,13,19,32,42,39,29,22,10,17,22,19,32,44,51
"25-11-2014",57,57,55,51,46,38,21,11,15,29,31,31,43,38,35,36,20,8,5,5,8,5,9,11
"26-11-2014",12,31,42,42,43,12,4,5,16,26,32,43,36,38,23,20,18,7,5,4,7,23,21,20
"27-11-2014",17,12,38,54,55,51,41,28,16,15,20,24,27,21,17,16,12,13,12,10,13,19,17,5
"28-11-2014",14,28,29,26,14,6,4,4,4,4,4,4,8,8,7,4,4,4,4,4,3,4,5,4
"29-11-2014",4,5,4,4,4,4,4,4,4,4,4,5,7,6,6,5,5,4,4,5,4,4,4,4
"30-11-2014",5,4,4,4,3,4,4,4,3,4,4,5,28,20,7,6,4,4,4,4,4,4,5,5
"01-12-2014",4,4,5,4,4,4,3,3,3,4,4,4,4,5,5,4,4,5,7,7,9,12,12,13
"02-12-2014",15,15,23,26,24,13,9,4,4,4,4,4,4,4,5,4,3,6,5,8,5,4,3,3
"03-12-2014",3,4,4,4,4,4,3,3,3,4,4,4,5,5,4,3,3,4,4,4,5,8,5,4
"04-12-2014",4,4,4,10,15,25,9,6,4,6,13,13,16,17,18,12,6,4,4,4,5,5,5,7
"05-12-2014",4,9,11,7,9,13,4,4,4,5,5,4,5,7,15,10,9,8,9,18,22,31,32,31
"06-12-2014",33,38,36,33,37,29,15,14,15,10,22,24,30,32,36,21,13,14,8,4,4,4,5,7
"07-12-2014",5,4,4,3,3,4,4,4,4,5,11,22,27,20,24,18,12,8,5,6,4,10,8,6
"08-12-2014",20,34,31,50,50,54,23,22,27,22,10,8,27,32,25,16,12,16,10,7,15,10,11,16
"09-12-2014",17,19,21,16,22,16,20,15,14,11,9,12,14,13,11,12,13,11,10,11,6,10,13,13
"10-12-2014",16,21,25,27,26,18,5,5,5,5,8,11,9,10,13,11,6,5,4,5,5,4,4,4
"11-12-2014",4,4,4,4,4,4,4,4,4,4,4,4,4,4,4,4,4,4,4,4,4,4,4,4
"12-12-2014",6,9,18,19,24,14,13,9,15,17,23,24,23,26,28,22,10,12,10,4,4,5,4,5
"13-12-2014",4,4,4,4,3,3,3,3,4,6,7,13,18,23,40,29,48,15,4,4,4,5,4,4
"14-12-2014",4,4,4,4,4,3,3,3,4,5,9,16,21,28,34,42,48,21,4,4,4,5,4,4
"15-12-2014",4,4,3,3,4,3,4,4,4,4,6,5,8,9,9,7,9,4,4,4,4,4,4,4
"16-12-2014",4,4,3,4,4,4,3,4,3,4,4,3,3,4,3,3,3,3,3,3,4,3,3,3
"17-12-2014",4,4,3,3,3,3,3,3,3,3,3,3,4,4,4,3,3,3,3,3,3,3,4,4
"18-12-2014",3,3,3,3,3,3,3,3,3,3,4,5,8,12,15,11,4,4,4,4,3,3,4,4
"19-12-2014",5,11,14,3,4,19,6,3,4,5,5,7,10,18,19,20,9,5,4,4,4,5,4,4
"20-12-2014",4,3,3,3,3,3,3,3,3,5,7,11,8,11,13,22,7,6,5,5,4,5,4,4
"21-12-2014",4,4,3,3,3,5,3,3,4,5,11,33,41,46,51,48,46,42,38,44,52,47,48,45
"22-12-2014",43,60,52,57,63,51,38,27,26,33,27,32,37,37,39,33,20,21,5,4,5,5,4,5
"23-12-2014",5,4,4,5,9,4,3,4,4,6,7,13,26,22,15,12,5,4,4,4,4,5,4,5
"24-12-2014",4,4,4,4,4,4,3,3,4,4,4,4,10,17,10,6,15,7,4,4,5,5,5,4
"25-12-2014",4,4,3,3,3,3,3,3,4,4,4,7,10,11,15,35,14,4,3,4,4,10,18,22
"26-12-2014",36,47,20,7,5,10,9,5,6,15,15,35,40,44,56,58,32,46,12,5,20,31,12,33
"27-12-2014",33,38,45,52,52,48,41,37,40,43,44,48,48,50,54,52,48,39,36,31,31,42,43,35
"28-12-2014",5,9,8,15,25,24,9,4,7,11,21,9,6,6,5,5,4,3,3,3,3,3,3,3
"29-12-2014",3,4,3,3,4,11,23,30,32,33,30,28,29,33,37,40,37,36,35,30,33,39,42,44
"30-12-2014",49,49,50,55,58,48,42,31,22,29,35,36,39,36,37,39,27,24,21,26,23,29,29,37
"31-12-2014",39,44,44,36,32,40,33,25,22,30,25,28,31,35,26,20,21,16,12,41,34,37,35,-9999
