"01-01-2014",6,6,5,5,5,6,6,6,6,6,6,6,5,5,6,10,8,9,19,11,8,8,10,16
"02-01-2014",10,7,7,7,14,17,15,18,16,23,19,20,21,18,15,14,11,9,10,11,11,12,10,9
"03-01-2014",8,8,8,7,8,9,12,16,19,25,44,45,30,59,43,46,31,16,14,15,15,14,12,10
"04-01-2014",13,13,10,7,6,7,8,13,15,19,17,17,17,27,17,14,14,12,12,14,16,16,13,11
"05-01-2014",9,9,8,8,7,8,8,8,10,12,16,21,17,26,25,20,12,9,10,10,11,9,10,14
"06-01-2014",11,9,8,8,7,7,7,7,7,7,7,8,8,8,8,10,12,8,8,10,11,10,8,8
"07-01-2014",7,7,7,6,6,7,7,9,9,8,9,9,11,12,10,10,10,8,9,9,9,9,9,8
"08-01-2014",8,8,7,8,7,8,10,8,10,18,15,14,16,16,16,18,18,26,12,11,24,24,21,20
"09-01-2014",19,16,13,12,12,11,12,16,14,25,26,21,23,25,19,23,21,16,17,19,15,13,11,11
"10-01-2014",11,9,9,9,9,11,15,15,17,20,34,27,30,44,48,37,30,21,19,16,22,20,14,12
"11-01-2014",12,11,10,9,8,8,9,10,10,14,14,15,20,22,26,22,15,11,10,10,10,10,9,8
"12-01-2014",8,8,8,8,8,8,8,9,8,11,10,12,18,31,64,47,39,26,17,16,15,16,15,16
"13-01-2014",12,11,9,8,8,9,10,13,14,16,18,17,16,15,15,15,14,14,13,13,12,13,12,10
"14-01-2014",9,9,8,8,8,9,11,12,12,15,15,16,22,26,31,27,21,15,14,15,15,13,11,11
"15-01-2014",9,8,7,7,7,8,11,11,9,10,9,9,10,10,9,9,8,8,8,7,8,7,7,7
"16-01-2014",7,6,6,6,6,8,9,10,11,13,16,16,19,20,29,41,30,17,14,16,19,19,16,13
"17-01-2014",12,10,9,8,10,10,13,14,16,23,27,22,29,39,39,28,24,17,16,14,16,17,16,15
"18-01-2014",14,15,12,12,11,11,18,28,24,37,35,29,32,36,39,24,20,19,17,20,23,22,23,21
"19-01-2014",19,16,15,14,14,13,13,15,15,22,21,15,14,18,20,19,13,10,9,9,9,10,12,9
"20-01-2014",8,8,8,7,7,7,8,7,8,9,10,10,10,12,14,12,10,9,9,9,8,8,8,7
"21-01-2014",6,7,7,10,7,8,8,9,17,14,14,18,15,10,14,15,11,13,14,23,20,22,12,13
"22-01-2014",17,15,14,9,8,11,13,17,20,43,33,-9999,-9999,44,20,16,14,14,15,15,29,17,11,11
"23-01-2014",8,8,7,6,6,13,17,19,19,23,21,16,17,18,16,14,15,17,19,19,26,18,24,10
"24-01-2014",9,9,7,8,7,9,10,12,14,14,13,14,17,12,12,13,10,7,6,6,7,6,6,5
"25-01-2014",10,7,20,23,31,60,42,19,50,53,38,54,47,40,54,18,14,22,34,16,17,12,7,7
"26-01-2014",8,5,5,4,5,4,4,4,4,5,6,10,7,9,10,13,9,11,8,7,7,9,7,7
"27-01-2014",5,5,7,12,11,9,9,8,9,9,13,13,14,14,18,30,35,26,20,16,15,13,12,12
"28-01-2014",9,7,7,6,6,8,8,9,12,12,11,10,8,8,8,8,9,8,9,9,10,7,7,6
"29-01-2014",4,4,4,4,5,9,12,20,14,16,20,18,23,33,22,24,22,31,20,19,29,21,11,8
"30-01-2014",8,9,7,6,6,8,10,12,13,23,40,48,52,28,16,13,11,10,13,13,14,11,9,8
"31-01-2014",7,6,5,6,6,6,6,7,9,11,11,12,12,12,12,11,9,8,8,7,7,7,7,7
"01-02-2014",6,6,6,5,5,5,6,5,6,7,7,7,8,7,7,8,6,6,7,8,7,6,6,6
"02-02-2014",7,6,6,5,6,6,5,8,6,7,7,7,7,8,8,8,8,7,7,8,7,8,8,8
"03-02-2014",7,7,7,6,7,8,9,9,8,9,9,9,9,9,9,10,8,8,7,7,7,7,7,7
"04-02-2014",7,6,6,6,6,10,11,11,9,8,9,10,9,10,9,9,9,8,7,8,9,8,7,7
"05-02-2014",6,6,6,5,6,6,7,7,9,9,10,10,9,10,14,15,16,13,11,10,11,11,9,10
"06-02-2014",8,7,6,6,6,7,9,9,10,13,9,10,9,8,7,7,6,5,6,8,8,7,5,5
"07-02-2014",4,4,4,4,4,4,5,6,7,6,10,10,9,16,23,21,33,14,14,16,12,11,10,8
"08-02-2014",9,11,10,9,7,9,9,9,10,16,17,14,11,15,14,14,11,8,7,8,7,15,18,14
"09-02-2014",12,9,7,7,6,5,6,7,8,9,14,15,18,21,16,15,14,12,13,14,13,11,9,9
"10-02-2014",9,9,8,10,12,12,11,10,13,21,27,21,18,21,14,18,15,12,10,9,9,9,12,12
"11-02-2014",11,9,8,7,7,9,10,13,12,11,11,10,10,14,12,11,10,8,8,7,8,7,6,6
"12-02-2014",5,5,5,5,5,5,7,7,6,6,8,7,7,11,10,9,8,7,7,6,6,5,8,22
"13-02-2014",15,9,7,7,6,11,14,20,16,23,27,22,18,18,27,26,18,12,9,9,9,10,11,10
"14-02-2014",7,7,8,8,7,10,13,12,12,21,19,17,15,16,16,19,16,22,27,26,36,38,13,13
"15-02-2014",12,15,16,13,12,14,17,18,18,29,19,15,19,18,16,19,20,17,14,13,13,12,11,10
"16-02-2014",8,8,8,8,9,8,9,12,13,43,78,28,27,46,35,42,51,34,30,22,20,16,14,12
"17-02-2014",13,11,9,8,9,10,12,16,15,25,46,52,53,43,32,28,24,14,9,8,7,7,7,8
"18-02-2014",9,8,8,7,7,8,11,14,14,18,25,25,23,32,29,29,18,14,10,11,13,15,15,14
"19-02-2014",13,10,9,9,6,7,7,9,9,11,9,14,18,29,23,11,9,7,7,12,11,9,8,7
"20-02-2014",7,7,7,7,7,6,6,7,10,12,15,12,11,11,10,10,10,9,8,8,7,7,6,6
"21-02-2014",6,6,6,6,6,7,8,10,10,10,8,8,7,7,7,7,7,7,8,8,10,9,10,8
"22-02-2014",7,6,7,7,6,8,8,9,11,13,29,25,16,21,19,16,17,11,12,9,10,9,9,8
"23-02-2014",8,9,8,8,8,10,14,12,15,25,27,21,19,25,20,31,22,11,10,10,9,8,8,8
"24-02-2014",7,6,7,6,6,7,7,8,8,9,10,10,9,10,9,11,12,12,7,8,12,11,12,12
"25-02-2014",11,9,8,10,10,12,11,10,10,13,27,17,16,14,14,13,11,12,10,11,13,11,9,8
"26-02-2014",7,7,6,6,7,7,9,10,10,12,14,16,15,16,18,21,17,12,10,10,9,9,9,10
"27-02-2014",9,8,8,8,9,11,13,15,15,27,30,28,25,45,30,21,19,13,11,11,11,10,10,12
"28-02-2014",11,9,9,8,8,11,12,13,15,15,12,13,14,13,11,10,9,9,9,8,8,7,7,6
"01-03-2014",6,5,6,7,7,9,11,11,12,12,9,7,8,7,7,7,7,7,8,8,7,7,7,8
"02-03-2014",6,6,6,6,7,7,6,8,11,16,19,19,19,14,19,30,32,20,22,15,18,16,14,11
"03-03-2014",8,7,7,7,7,6,6,6,6,5,5,5,5,5,6,8,9,12,13,14,15,10,9,9
"04-03-2014",9,10,11,12,12,16,14,21,25,45,27,20,15,16,15,14,12,9,8,8,8,7,7,6
"05-03-2014",6,9,17,21,12,10,12,14,15,15,50,59,31,38,23,19,15,12,15,13,33,38,29,18
"06-03-2014",14,12,11,9,10,12,13,15,17,17,16,12,12,14,14,13,14,10,10,16,14,14,12,11
"07-03-2014",9,8,6,6,6,8,9,11,11,11,10,11,12,12,11,11,10,11,11,11,10,9,9,8
"08-03-2014",8,8,8,7,7,7,8,7,8,10,10,10,10,10,9,9,8,8,9,8,9,8,8,7
"09-03-2014",7,7,7,7,7,9,7,7,8,8,9,9,9,9,9,8,8,8,8,8,9,10,9,9
"10-03-2014",9,8,9,9,12,13,15,16,11,11,12,13,12,12,11,16,14,12,9,13,11,12,11,10
"11-03-2014",8,10,12,15,27,28,24,24,18,20,18,18,16,16,14,12,11,10,10,10,9,8,8,9
"12-03-2014",7,8,9,9,11,19,16,17,13,16,16,16,19,16,13,15,13,14,13,20,46,39,35,25
"13-03-2014",16,13,10,13,11,11,10,12,14,13,11,12,11,14,15,14,14,14,14,15,15,14,12,12
"14-03-2014",11,10,17,48,25,18,17,19,23,27,30,30,26,25,19,21,21,24,25,22,22,22,18,17
"15-03-2014",15,13,12,11,11,13,19,30,29,50,38,28,25,24,21,17,17,16,15,13,12,11,11,15
"16-03-2014",11,10,9,9,9,9,10,13,17,37,29,28,25,27,27,19,18,18,18,15,15,14,13,13
"17-03-2014",13,13,11,11,11,13,15,16,47,96,46,22,13,12,13,13,13,14,13,20,22,27,34,38
"18-03-2014",21,20,19,17,19,19,22,24,30,44,29,37,72,37,23,22,26,21,19,19,19,19,17,21
"19-03-2014",16,16,20,18,16,20,24,24,44,62,39,45,37,29,25,41,31,20,17,16,17,24,19,19
"20-03-2014",17,16,12,12,16,14,39,12,17,11,13,13,13,13,13,14,14,14,12,12,11,14,12,12
"21-03-2014",12,12,23,18,25,22,28,47,32,15,14,14,15,15,13,15,16,16,14,14,16,15,16,24
"22-03-2014",25,15,17,18,15,14,17,19,45,36,33,33,33,19,18,17,22,15,14,14,13,14,15,13
"23-03-2014",12,11,10,11,11,13,14,18,27,36,26,25,24,29,24,22,19,14,12,11,11,11,10,10
"24-03-2014",10,10,11,12,12,13,14,15,35,33,28,27,22,19,20,17,15,14,12,11,11,11,11,10
"25-03-2014",10,10,10,9,10,13,18,34,29,25,24,26,23,17,24,22,26,31,17,17,35,23,15,16
"26-03-2014",13,13,13,13,13,15,21,23,22,20,17,16,15,17,17,16,14,12,11,11,11,13,13,11
"27-03-2014",10,9,9,9,9,10,10,9,10,12,14,13,13,15,14,13,12,12,11,11,11,10,10,10
"28-03-2014",10,10,10,10,10,13,18,21,21,25,19,22,19,17,16,20,16,13,15,20,26,29,15,14
"29-03-2014",18,17,11,11,12,13,28,26,16,23,16,18,19,18,14,13,13,13,14,13,12,12,14,22
"30-03-2014",16,12,12,11,11,11,10,10,11,11,11,11,12,15,13,13,14,15,13,14,15,25,35,33
"31-03-2014",27,18,19,15,20,28,25,28,40,-9999,40,33,30,28,19,18,18,19,16,14,16,14,12,12
"01-04-2014",12,11,11,10,11,12,14,17,18,28,40,40,28,24,24,22,20,21,16,14,15,14,13,12
"02-04-2014",12,13,12,13,12,14,15,17,18,24,42,35,31,37,43,39,29,28,17,15,14,13,13,21
"03-04-2014",43,54,38,33,25,19,19,23,20,24,44,52,50,38,41,32,34,23,20,19,17,21,20,15
"04-04-2014",14,13,12,12,12,12,13,13,13,14,16,19,19,17,19,15,16,15,13,13,12,11,11,11
"05-04-2014",10,11,10,10,11,11,11,12,12,12,12,13,14,14,14,14,13,13,12,12,13,12,11,11
"06-04-2014",11,11,11,10,10,10,10,11,10,10,12,13,13,14,14,14,14,13,13,12,12,11,12,12
"07-04-2014",11,11,11,10,11,11,12,12,12,12,12,15,13,15,14,19,21,12,12,12,17,16,14,14
"08-04-2014",13,14,17,13,16,17,22,27,23,25,38,25,31,30,31,30,20,21,20,18,16,19,19,18
"09-04-2014",19,16,14,13,12,14,15,18,22,36,48,34,37,33,31,27,25,22,18,16,15,14,16,21
"10-04-2014",19,15,14,12,12,21,21,30,30,29,34,31,33,23,20,22,23,22,32,19,14,14,14,12
"11-04-2014",12,12,12,12,13,31,37,56,38,49,43,24,42,44,25,23,22,20,17,22,26,39,17,16
"12-04-2014",14,13,83,38,27,22,20,37,59,45,35,26,19,20,21,22,20,19,22,19,17,16,15,14
"13-04-2014",14,14,14,13,13,13,13,18,22,18,25,23,20,22,25,21,18,18,18,16,20,26,26,22
"14-04-2014",18,16,15,15,16,18,17,17,18,18,19,18,19,22,25,21,17,20,16,17,18,43,22,20
"15-04-2014",19,16,15,14,14,17,18,19,19,20,25,33,41,29,22,21,20,22,17,16,15,14,16,18
"16-04-2014",16,13,13,13,14,16,17,17,14,16,15,18,16,15,15,14,15,14,15,16,23,32,15,14
"17-04-2014",13,12,12,13,15,17,22,42,33,30,33,28,30,37,34,28,21,19,16,15,14,14,14,14
"18-04-2014",15,13,12,14,12,13,19,18,20,30,35,21,16,16,17,20,21,21,17,24,34,43,19,24
"19-04-2014",29,18,26,35,27,27,34,46,45,44,35,28,23,21,19,24,42,32,32,27,28,27,27,29
"20-04-2014",26,22,24,19,18,19,17,16,24,24,30,36,28,21,21,21,20,20,17,16,15,14,14,13
"21-04-2014",13,13,13,12,12,12,13,12,13,12,12,13,14,14,14,15,16,15,15,16,16,15,15,14
"22-04-2014",13,13,13,13,13,15,19,24,26,40,49,73,72,50,33,30,40,24,22,21,33,40,33,27
"23-04-2014",23,22,18,17,16,17,19,22,22,27,43,58,85,72,86,96,87,84,49,42,46,41,28,29
"24-04-2014",23,21,19,17,15,15,14,20,29,27,27,36,33,31,31,32,32,35,32,28,29,41,18,16
"25-04-2014",15,14,15,17,16,22,33,44,36,30,30,28,28,25,25,30,32,28,20,20,25,29,19,18
"26-04-2014",17,16,16,15,15,16,16,16,18,19,19,18,20,20,20,22,19,19,18,19,17,15,14,14
"27-04-2014",14,13,13,13,13,14,13,13,13,14,14,15,16,23,23,21,19,15,16,18,20,15,16,19
"28-04-2014",15,18,16,15,15,15,17,18,25,22,19,23,23,19,18,23,33,40,25,26,28,27,18,19
"29-04-2014",16,15,16,16,15,16,17,29,26,25,29,35,32,25,22,20,19,21,30,38,40,36,24,20
"30-04-2014",17,18,17,18,25,21,31,26,21,24,27,-9999,23,17,20,25,13,9,23,16,22,20,8,8
"01-05-2014",8,21,15,11,11,21,19,17,28,21,19,17,16,16,13,10,8,8,6,6,6,5,5,11
"02-05-2014",12,7,7,5,5,15,15,14,16,20,24,31,19,18,16,21,9,8,7,7,6,6,6,5
"03-05-2014",5,5,5,5,5,4,5,5,5,5,5,6,6,6,6,5,5,5,6,5,6,5,5,5
"04-05-2014",5,5,5,4,4,4,6,8,9,10,11,15,13,9,10,9,8,7,6,6,6,9,8,8
"05-05-2014",7,7,8,6,7,14,18,29,19,23,24,48,30,32,25,12,11,10,8,8,7,14,10,8
"06-05-2014",7,7,6,6,6,12,7,8,11,9,11,12,11,11,8,6,6,7,6,6,6,5,5,5
"07-05-2014",8,5,5,8,6,8,10,14,11,12,12,9,7,6,6,7,14,32,11,11,20,19,12,16
"08-05-2014",20,25,25,34,19,12,16,21,12,11,12,14,16,16,12,16,25,30,9,10,24,23,15,8
"09-05-2014",30,28,26,32,35,36,25,29,16,11,9,7,8,6,6,6,6,8,8,9,10,11,11,11
"10-05-2014",10,9,10,9,9,9,13,12,12,12,11,12,10,14,15,10,8,7,6,6,7,7,8,7
"11-05-2014",7,6,6,6,6,8,9,9,15,23,16,21,28,19,13,12,10,10,9,9,8,8,7,7
"12-05-2014",6,7,7,8,9,10,25,20,26,29,44,30,30,23,10,11,14,11,10,9,11,17,13,12
"13-05-2014",10,9,8,8,8,17,18,33,34,27,22,21,17,16,12,13,18,18,15,12,11,13,10,8
"14-05-2014",7,7,6,6,6,6,7,7,6,6,6,6,6,6,6,6,6,11,12,20,24,33,8,13
"15-05-2014",8,7,6,6,7,15,15,18,15,17,17,19,18,17,15,20,21,18,17,19,22,26,10,8
"16-05-2014",7,6,8,7,6,5,14,22,17,17,18,16,20,19,8,10,8,7,18,19,29,37,12,9
"17-05-2014",8,7,7,6,6,8,10,15,17,16,18,21,19,13,11,11,9,8,7,7,13,13,7,10
"18-05-2014",11,9,8,10,9,10,24,18,20,21,18,17,17,9,13,12,10,8,7,7,7,7,6,7
"19-05-2014",7,7,6,7,9,12,18,20,16,9,13,11,14,19,19,17,11,11,16,9,9,15,10,8
"20-05-2014",7,7,7,7,8,9,10,15,24,24,25,39,82,72,36,22,21,17,28,25,19,23,17,19
"21-05-2014",18,17,16,16,27,28,39,45,19,16,10,8,6,6,6,6,6,6,6,6,7,9,18,46
"22-05-2014",47,80,36,21,47,57,45,51,36,23,13,11,10,9,8,8,8,9,9,8,9,10,11,22
"23-05-2014",22,28,31,26,24,36,38,42,35,34,24,11,19,33,16,9,9,10,12,17,25,15,12,13
"24-05-2014",13,12,14,15,12,25,44,57,29,26,26,42,38,30,21,20,16,16,13,12,12,13,11,11
"25-05-2014",10,10,9,13,12,11,11,13,17,15,27,36,37,41,25,20,16,15,12,12,13,12,11,10
"26-05-2014",10,9,10,9,11,13,12,15,24,32,43,55,44,23,15,17,16,15,13,13,17,62,67,46
"27-05-2014",28,20,23,20,16,14,12,12,28,53,79,69,56,25,21,19,14,10,15,14,12,18,17,15
"28-05-2014",13,12,14,11,10,11,20,28,27,23,20,22,21,16,22,11,8,11,12,14,21,22,16,18
"29-05-2014",14,22,12,14,12,12,16,18,24,24,21,19,19,15,11,9,10,9,8,7,15,21,12,12
"30-05-2014",11,9,9,8,8,9,19,16,16,17,16,18,15,13,12,12,15,26,23,26,29,23,11,26
"31-05-2014",22,17,17,19,16,19,43,45,20,21,22,20,18,21,14,12,14,10,9,15,17,16,12,11
"01-06-2014",11,16,11,10,12,18,28,27,21,23,20,14,11,10,16,32,12,19,16,11,16,19,10,10
"02-06-2014",10,9,9,12,16,11,23,29,32,28,22,20,26,15,45,59,41,12,9,8,9,12,8,8
"03-06-2014",7,9,14,11,10,10,14,13,14,10,9,9,9,9,10,9,8,8,7,7,7,7,6,7
"04-06-2014",6,6,6,8,9,10,12,17,12,10,10,10,11,13,13,19,16,21,15,12,12,10,8,8
"05-06-2014",8,10,10,10,12,12,15,20,20,18,20,26,28,25,20,17,13,10,9,9,9,10,10,10
"06-06-2014",11,13,12,11,12,15,19,41,48,26,18,13,11,11,10,11,11,11,13,10,10,10,10,10
"07-06-2014",11,10,10,11,10,15,21,27,36,30,47,76,40,24,20,13,11,13,18,12,10,11,11,11
"08-06-2014",10,11,10,10,11,11,15,23,22,26,17,14,12,9,9,8,7,7,8,8,9,8,9,9
"09-06-2014",8,8,9,9,11,12,15,26,18,16,14,12,11,9,8,8,8,8,9,9,10,9,8,9
"10-06-2014",8,9,9,8,8,8,9,9,8,8,10,9,9,10,10,10,10,10,10,9,9,10,13,18
"11-06-2014",17,12,11,9,16,23,29,27,25,18,13,12,11,9,18,22,14,18,13,11,10,12,20,36
"12-06-2014",28,22,23,22,22,25,23,19,17,17,12,10,9,9,8,14,17,16,15,17,20,12,9,11
"13-06-2014",11,12,21,19,13,18,19,22,41,54,17,21,31,50,29,31,16,21,17,14,14,59,76,49
"14-06-2014",31,26,24,16,14,13,12,17,19,47,43,37,43,20,22,25,23,25,20,19,15,13,14,15
"15-06-2014",11,11,11,10,9,10,11,11,13,11,11,11,11,11,12,12,14,13,13,13,14,13,13,12
"16-06-2014",11,12,11,11,10,12,14,16,23,73,53,62,52,36,25,20,16,16,14,13,12,12,11,10
"17-06-2014",10,10,10,10,10,10,11,12,13,13,14,16,32,46,27,21,16,15,13,12,12,13,13,12
"18-06-2014",12,11,11,11,10,10,10,10,10,10,10,9,10,9,11,13,11,11,10,10,11,11,10,10
"19-06-2014",10,9,10,11,10,12,13,19,21,20,27,39,34,33,32,33,29,30,25,29,30,20,18,17
"20-06-2014",18,17,18,16,17,17,22,29,25,25,23,24,21,19,17,18,20,20,18,20,26,47,19,15
"21-06-2014",13,13,13,16,16,17,19,28,34,26,20,20,23,21,18,13,13,14,13,12,12,11,11,11
"22-06-2014",11,11,10,11,10,11,14,14,-9999,-9999,-9999,-9999,-9999,16,15,13,13,14,14,13,13,13,13,14
"23-06-2014",16,17,16,18,18,20,21,23,20,29,34,34,40,30,25,24,16,19,18,16,21,24,22,23
"24-06-2014",21,21,21,21,21,21,28,40,66,86,64,-9999,-9999,45,25,25,21,14,13,13,15,17,17,16
"25-06-2014",15,16,20,17,19,21,20,19,30,38,32,28,26,23,18,11,12,13,14,14,14,15,15,15
"26-06-2014",14,13,14,16,13,16,20,35,66,55,46,48,32,37,36,33,17,16,22,19,19,18,16,17
"27-06-2014",19,19,22,28,28,35,33,44,-9999,-9999,-9999,-9999,45,26,24,21,16,16,15,15,15,36,31,21
"28-06-2014",20,22,24,16,16,15,14,14,13,13,13,13,14,14,14,17,18,16,13,12,12,11,11,11
"29-06-2014",11,11,12,17,14,24,30,38,26,22,23,15,14,13,13,11,9,10,10,10,11,11,11,10
"30-06-2014",25,25,13,13,12,18,21,43,26,27,29,27,25,26,15,14,12,13,11,12,12,12,12,13
"01-07-2014",13,13,13,17,21,23,22,29,39,35,45,53,29,30,18,17,10,9,11,17,18,16,25,26
"02-07-2014",27,25,27,24,22,27,24,18,13,13,13,13,14,21,24,18,19,22,18,16,14,14,16,17
"03-07-2014",17,16,16,15,18,34,47,53,21,19,22,19,15,13,14,16,17,17,18,23,20,35,39,34
"04-07-2014",28,26,26,23,20,18,19,16,12,11,10,10,10,10,9,9,9,8,9,9,9,10,12,13
"05-07-2014",21,19,16,15,16,15,21,16,11,11,11,11,11,11,10,11,11,9,10,16,28,27,13,35
"06-07-2014",23,22,64,30,60,39,53,48,70,48,24,10,33,28,20,15,12,12,14,13,15,26,32,26
"07-07-2014",22,25,26,25,24,24,44,55,63,67,52,28,21,26,26,20,15,13,13,14,25,62,58,35
"08-07-2014",35,38,29,32,40,37,34,42,30,34,-9999,-9999,-9999,-9999,-9999,-9999,-9999,-9999,-9999,-9999,-9999,-9999,-9999,-9999
"09-07-2014",-9999,-9999,-9999,15,28,30,30,62,33,28,22,19,24,21,33,11,4,6,13,29,24,15,14,10
"10-07-2014",8,13,10,7,5,6,26,49,42,34,31,28,21,17,19,11,8,4,5,6,13,46,49,29
"11-07-2014",18,32,31,22,29,30,34,34,33,26,29,45,49,23,14,6,6,9,14,22,23,34,21,17
"12-07-2014",12,18,20,21,22,24,19,65,35,27,27,11,6,5,8,5,4,11,8,10,17,65,25,38
"13-07-2014",28,45,42,43,38,33,17,27,18,20,19,14,12,13,8,2,2,6,18,17,14,14,24,13
"14-07-2014",10,16,15,21,36,21,26,39,69,52,42,34,28,52,53,32,126,110,20,22,22,16,14,22
"15-07-2014",27,32,40,37,34,26,46,83,44,27,24,-9999,-9999,-9999,-9999,-9999,-9999,-9999,-9999,-9999,-9999,-9999,-9999,-9999
"16-07-2014",-9999,-9999,-9999,-9999,-9999,-9999,-9999,-9999,-9999,-9999,-9999,-9999,-9999,-9999,-9999,-9999,-9999,-9999,-9999,-9999,-9999,-9999,-9999,-9999
"17-07-2014",-9999,-9999,-9999,-9999,-9999,-9999,-9999,-9999,-9999,-9999,-9999,-9999,-9999,-9999,-9999,-9999,-9999,-9999,-9999,-9999,-9999,-9999,-9999,-9999
"18-07-2014",-9999,-9999,-9999,-9999,-9999,-9999,-9999,-9999,-9999,-9999,-9999,-9999,-9999,-9999,-9999,-9999,-9999,-9999,-9999,-9999,-9999,-9999,-9999,-9999
"19-07-2014",-9999,-9999,-9999,-9999,-9999,-9999,-9999,-9999,-9999,-9999,-9999,-9999,-9999,-9999,-9999,-9999,-9999,-9999,-9999,-9999,-9999,-9999,-9999,-9999
"20-07-2014",-9999,-9999,-9999,-9999,-9999,-9999,-9999,-9999,-9999,-9999,-9999,-9999,-9999,-9999,-9999,-9999,-9999,-9999,-9999,-9999,-9999,-9999,-9999,-9999
"21-07-2014",-9999,-9999,-9999,-9999,-9999,-9999,-9999,-9999,-9999,-9999,-9999,-9999,-9999,-9999,-9999,-9999,-9999,-9999,-9999,-9999,-9999,-9999,-9999,-9999
"22-07-2014",-9999,-9999,-9999,-9999,-9999,-9999,-9999,-9999,-9999,-9999,-9999,-9999,-9999,-9999,-9999,-9999,-9999,-9999,-9999,-9999,-9999,-9999,-9999,-9999
"23-07-2014",-9999,-9999,-9999,-9999,-9999,-9999,-9999,-9999,-9999,-9999,-9999,-9999,-9999,-9999,-9999,-9999,-9999,-9999,-9999,-9999,-9999,-9999,-9999,-9999
"24-07-2014",-9999,-9999,-9999,-9999,-9999,-9999,-9999,-9999,-9999,-9999,-9999,-9999,-9999,-9999,-9999,-9999,-9999,-9999,-9999,-9999,-9999,-9999,-9999,-9999
"25-07-2014",-9999,-9999,-9999,-9999,-9999,-9999,-9999,-9999,-9999,-9999,-9999,-9999,-9999,-9999,-9999,-9999,-9999,-9999,-9999,-9999,-9999,-9999,-9999,-9999
"26-07-2014",-9999,-9999,-9999,-9999,-9999,-9999,-9999,-9999,-9999,-9999,-9999,-9999,-9999,-9999,-9999,-9999,-9999,-9999,-9999,-9999,-9999,-9999,-9999,-9999
"27-07-2014",-9999,-9999,-9999,-9999,-9999,-9999,-9999,-9999,-9999,-9999,-9999,-9999,-9999,-9999,-9999,-9999,-9999,-9999,-9999,-9999,-9999,-9999,-9999,-9999
"28-07-2014",-9999,-9999,-9999,-9999,-9999,-9999,-9999,-9999,-9999,-9999,-9999,-9999,-9999,-9999,-9999,-9999,-9999,-9999,-9999,-9999,-9999,-9999,-9999,-9999
"29-07-2014",-9999,-9999,-9999,-9999,-9999,-9999,-9999,-9999,-9999,-9999,-9999,-9999,-9999,-9999,-9999,-9999,-9999,-9999,-9999,-9999,-9999,-9999,-9999,-9999
"30-07-2014",-9999,-9999,-9999,-9999,-9999,-9999,-9999,-9999,-9999,-9999,-9999,-9999,-9999,-9999,-9999,-9999,-9999,-9999,-9999,-9999,-9999,-9999,-9999,-9999
"31-07-2014",-9999,-9999,-9999,-9999,-9999,-9999,-9999,-9999,-9999,-9999,-9999,-9999,-9999,-9999,-9999,-9999,-9999,-9999,-9999,-9999,-9999,-9999,-9999,-9999
"01-08-2014",-9999,-9999,-9999,-9999,-9999,-9999,-9999,-9999,-9999,-9999,-9999,-9999,-9999,-9999,-9999,-9999,-9999,-9999,-9999,-9999,-9999,-9999,-9999,-9999
"02-08-2014",-9999,-9999,-9999,-9999,-9999,-9999,-9999,-9999,-9999,-9999,-9999,-9999,-9999,-9999,-9999,-9999,-9999,-9999,-9999,-9999,-9999,-9999,-9999,-9999
"03-08-2014",-9999,-9999,-9999,-9999,-9999,-9999,-9999,-9999,-9999,-9999,-9999,-9999,-9999,-9999,-9999,-9999,-9999,-9999,-9999,-9999,-9999,-9999,-9999,-9999
"04-08-2014",-9999,-9999,-9999,-9999,-9999,-9999,-9999,-9999,-9999,-9999,-9999,-9999,-9999,-9999,-9999,-9999,-9999,-9999,-9999,-9999,-9999,-9999,-9999,-9999
"05-08-2014",-9999,-9999,-9999,-9999,-9999,-9999,-9999,-9999,-9999,-9999,-9999,-9999,-9999,-9999,-9999,-9999,-9999,-9999,-9999,-9999,-9999,-9999,-9999,-9999
"06-08-2014",-9999,-9999,-9999,-9999,-9999,-9999,-9999,-9999,-9999,-9999,-9999,-9999,-9999,-9999,-9999,-9999,-9999,-9999,-9999,-9999,-9999,-9999,-9999,-9999
"07-08-2014",-9999,-9999,-9999,-9999,-9999,-9999,-9999,-9999,-9999,-9999,-9999,-9999,-9999,-9999,-9999,-9999,-9999,-9999,-9999,-9999,-9999,-9999,-9999,-9999
"08-08-2014",-9999,-9999,-9999,-9999,-9999,-9999,-9999,-9999,-9999,-9999,-9999,-9999,-9999,-9999,-9999,-9999,-9999,-9999,-9999,-9999,-9999,-9999,-9999,-9999
"09-08-2014",-9999,-9999,-9999,-9999,-9999,-9999,-9999,-9999,-9999,-9999,-9999,-9999,-9999,-9999,-9999,-9999,-9999,-9999,-9999,-9999,-9999,-9999,-9999,-9999
"10-08-2014",-9999,-9999,-9999,-9999,-9999,-9999,-9999,-9999,-9999,-9999,-9999,-9999,-9999,-9999,-9999,-9999,-9999,-9999,-9999,-9999,-9999,-9999,-9999,-9999
"11-08-2014",-9999,-9999,-9999,-9999,-9999,-9999,-9999,-9999,-9999,-9999,-9999,-9999,-9999,-9999,-9999,-9999,-9999,-9999,-9999,-9999,-9999,-9999,-9999,-9999
"12-08-2014",-9999,-9999,-9999,-9999,-9999,-9999,-9999,-9999,-9999,-9999,-9999,-9999,-9999,-9999,-9999,-9999,-9999,-9999,-9999,-9999,-9999,-9999,-9999,-9999
"13-08-2014",-9999,-9999,-9999,-9999,-9999,-9999,-9999,-9999,-9999,-9999,-9999,-9999,-9999,-9999,-9999,-9999,-9999,-9999,-9999,-9999,-9999,-9999,-9999,-9999
"14-08-2014",-9999,-9999,-9999,-9999,-9999,-9999,-9999,-9999,31,29,19,29,6,6,13,8,7,7,4,4,4,4,5,8
"15-08-2014",7,9,10,11,6,9,12,25,29,62,36,25,27,22,24,7,6,11,8,6,7,8,16,10
"16-08-2014",7,23,16,19,20,23,28,49,32,46,47,17,16,8,11,56,6,9,23,28,13,29,24,22
"17-08-2014",22,24,28,40,33,35,41,88,34,34,36,22,18,9,8,6,18,8,7,7,6,6,5,5
"18-08-2014",4,4,4,4,3,4,4,4,4,4,4,4,4,4,5,4,3,3,3,3,4,4,4,3
"19-08-2014",4,3,3,3,3,4,16,30,17,10,8,6,5,7,5,5,5,6,5,5,6,5,5,5
"20-08-2014",5,8,6,4,5,5,10,9,7,12,29,22,17,20,14,10,7,5,5,6,5,5,4,4
"21-08-2014",3,3,3,3,4,5,6,6,7,11,14,19,33,29,17,15,18,12,10,8,8,8,10,7
"22-08-2014",6,10,13,11,11,14,14,15,19,60,50,32,29,26,14,14,15,10,7,5,5,5,6,5
"23-08-2014",7,11,25,26,28,25,19,18,16,16,14,30,43,40,44,16,8,5,4,4,4,4,4,5
"24-08-2014",13,16,14,13,11,11,10,10,8,12,16,13,22,22,11,11,17,7,5,5,5,5,5,11
"25-08-2014",14,12,21,30,21,18,50,25,26,14,13,29,17,16,15,10,8,7,6,5,4,4,4,4
"26-08-2014",5,4,4,4,4,5,5,5,5,6,5,8,6,6,6,7,7,7,5,5,5,5,4,3
"27-08-2014",4,4,4,5,8,8,10,15,19,26,49,25,24,26,22,15,10,9,7,6,5,5,6,6
"28-08-2014",5,4,6,7,7,8,10,10,11,14,17,16,24,25,30,25,17,18,12,8,7,6,6,6
"29-08-2014",6,5,6,6,6,5,6,7,6,6,6,5,5,5,5,4,4,4,3,4,3,3,3,3
"30-08-2014",3,3,3,3,3,3,9,23,10,6,5,5,4,5,5,6,7,4,3,4,5,4,4,8
"31-08-2014",24,31,35,37,36,24,20,27,14,11,8,6,5,5,5,11,6,13,22,14,8,6,7,6
"01-09-2014",7,6,5,4,4,5,7,8,9,13,17,23,16,10,6,5,5,5,5,4,3,3,3,3
"02-09-2014",3,3,3,3,2,3,5,6,4,3,3,3,3,3,3,3,2,2,2,2,3,4,5,7
"03-09-2014",8,7,5,4,3,3,5,19,31,24,23,17,14,9,10,9,6,6,5,9,15,17,12,9
"04-09-2014",15,12,10,10,10,12,21,36,31,20,18,14,12,12,9,7,6,6,6,5,5,5,6,7
"05-09-2014",7,8,11,8,9,9,12,25,17,12,21,31,15,12,10,8,8,6,6,5,5,5,5,7
"06-09-2014",10,13,16,17,14,10,7,6,11,14,18,15,17,16,12,10,9,8,7,6,5,5,5,4
"07-09-2014",4,4,4,3,3,3,5,15,13,10,14,17,15,10,7,6,5,4,4,4,4,6,6,6
"08-09-2014",6,9,10,10,10,10,17,26,19,14,17,16,14,14,16,12,7,5,5,4,5,4,3,3
"09-09-2014",3,3,3,3,3,4,5,6,7,14,22,17,32,24,19,10,8,7,7,5,5,14,15,13
"10-09-2014",9,7,6,6,7,8,9,9,8,11,22,16,19,19,54,74,25,12,8,6,6,5,6,5
"11-09-2014",4,4,6,6,6,6,9,13,13,13,18,14,12,13,8,7,9,8,8,8,8,7,6,6
"12-09-2014",5,5,5,4,5,6,7,7,9,15,22,24,20,21,23,12,9,7,6,5,4,4,3,3
"13-09-2014",3,4,5,6,6,6,6,7,7,5,7,10,12,11,11,8,6,5,5,4,4,4,4,5
"14-09-2014",5,4,4,4,4,4,4,5,5,5,6,7,6,6,6,4,5,4,4,4,4,4,4,4
"15-09-2014",4,5,4,4,4,5,7,8,7,8,14,26,15,16,23,11,7,6,4,4,3,3,3,4
"16-09-2014",5,4,4,4,4,5,13,14,11,9,13,17,16,17,17,12,8,7,7,6,6,5,5,4
"17-09-2014",3,3,3,3,4,9,12,10,9,9,9,10,7,6,6,6,5,4,4,4,4,3,3,3
"18-09-2014",3,3,4,4,4,5,6,5,6,8,14,9,8,9,6,5,5,5,4,5,5,5,4,4
"19-09-2014",9,5,5,4,5,4,6,6,6,7,6,6,9,10,6,4,4,4,3,5,5,4,4,5
"20-09-2014",4,4,5,4,5,7,12,13,11,12,11,15,9,11,12,10,8,5,5,4,4,4,4,4
"21-09-2014",3,3,3,3,3,4,6,4,5,5,10,8,9,10,10,8,5,4,4,3,3,3,3,3
"22-09-2014",3,3,3,3,3,4,7,13,15,14,21,21,18,13,10,7,7,7,7,6,5,7,13,13
"23-09-2014",14,9,10,15,16,15,12,14,11,13,13,15,12,17,19,18,16,18,17,19,20,11,6,5
"24-09-2014",4,4,4,4,4,4,5,5,6,6,6,6,6,6,6,8,5,5,4,4,4,4,4,4
"25-09-2014",4,4,4,4,4,5,6,7,7,11,15,11,8,7,7,6,5,6,9,13,14,14,12,11
"26-09-2014",11,10,10,9,9,8,10,9,10,11,13,11,10,15,23,27,23,22,12,8,6,5,7,8
"27-09-2014",11,10,7,5,6,13,18,20,16,18,14,8,8,9,7,5,4,4,4,4,6,9,7,12
"28-09-2014",10,16,12,11,12,6,12,15,14,20,11,9,7,6,6,5,4,4,4,4,5,4,4,6
"29-09-2014",4,4,4,4,4,4,5,6,6,6,5,5,5,4,4,4,4,5,4,4,4,4,6,6
"30-09-2014",12,8,8,8,9,7,7,15,11,10,9,8,8,9,10,17,20,31,9,11,20,19,10,8
"01-10-2014",11,9,6,5,5,6,9,11,12,13,26,21,17,8,7,19,15,25,15,8,8,7,5,6
"02-10-2014",5,4,5,13,12,19,16,22,9,11,11,7,8,12,8,6,6,6,5,6,6,4,4,4
"03-10-2014",3,3,3,3,3,5,5,6,7,5,6,6,5,5,5,5,4,4,4,3,3,3,3,3
"04-10-2014",3,4,3,3,3,4,4,4,4,5,5,5,5,5,3,4,3,3,3,3,4,4,4,5
"05-10-2014",8,7,9,14,10,12,9,8,7,7,6,5,4,8,13,9,12,11,8,7,6,5,4,5
"06-10-2014",4,4,3,4,3,4,5,7,7,7,6,5,4,4,4,4,3,3,3,3,3,3,3,3
"07-10-2014",3,3,3,3,3,5,6,7,7,5,4,4,7,7,9,11,9,7,6,8,8,15,8,7
"08-10-2014",8,7,6,5,5,7,10,13,11,9,8,13,17,21,32,33,47,27,18,14,10,8,7,5
"09-10-2014",5,4,3,4,4,5,6,7,6,6,7,6,4,5,4,8,7,5,5,4,5,7,8,8
"10-10-2014",7,9,8,8,6,8,9,8,7,9,15,15,10,9,8,10,29,20,8,7,12,10,10,11
"11-10-2014",10,10,15,16,11,9,11,7,6,9,12,16,14,17,12,24,28,26,7,7,7,7,7,6
"12-10-2014",5,5,4,5,5,5,6,6,6,7,21,26,16,15,15,13,9,7,5,5,4,5,5,5
"13-10-2014",4,4,3,4,4,6,8,11,11,10,26,54,23,19,18,12,9,8,8,7,6,6,5,6
"14-10-2014",5,4,4,4,4,5,7,7,9,7,12,19,23,18,23,16,12,9,7,6,5,5,5,5
"15-10-2014",5,5,4,4,4,5,8,8,10,9,10,12,18,12,11,10,9,7,7,5,5,5,5,4
"16-10-2014",4,4,3,4,4,6,7,7,6,8,11,13,11,11,10,11,11,14,26,25,24,21,12,13
"17-10-2014",12,10,9,8,8,8,11,15,13,14,14,14,14,16,18,24,24,23,13,12,22,26,10,8
"18-10-2014",9,11,9,6,7,5,7,16,20,15,20,20,14,11,10,11,17,11,5,4,4,5,6,8
"19-10-2014",8,8,7,6,6,5,5,4,4,4,5,4,3,3,3,3,3,3,3,3,5,4,3,3
"20-10-2014",4,6,6,4,5,7,7,7,8,8,-9999,-9999,15,14,15,21,24,14,14,22,10,8,8,12
"21-10-2014",14,11,8,6,5,8,9,10,11,10,24,22,22,36,17,10,11,9,6,6,6,5,5,6
"22-10-2014",4,4,4,3,4,5,11,18,18,15,32,21,12,11,9,7,6,6,5,4,4,4,4,3
"23-10-2014",3,3,3,3,3,3,3,3,3,3,4,4,5,7,7,8,7,15,13,12,23,22,10,9
"24-10-2014",7,7,6,6,7,9,10,6,5,8,5,5,4,3,3,4,3,3,3,3,3,9,5,6
"25-10-2014",6,6,5,5,4,5,7,7,8,9,9,6,13,16,7,9,14,20,7,5,6,6,10,7
"26-10-2014",6,7,5,8,8,8,8,8,9,9,7,6,9,9,9,8,8,8,7,6,7,9,7,10
"27-10-2014",11,8,6,6,5,5,5,5,6,12,13,9,9,9,6,6,4,4,4,4,4,4,4,3
"28-10-2014",3,3,3,3,3,3,3,3,3,4,4,4,4,4,4,4,4,4,4,4,4,4,4,6
"29-10-2014",6,6,6,6,5,5,10,9,11,11,8,6,6,6,6,6,6,6,6,6,15,13,12,9
"30-10-2014",7,9,12,11,12,11,14,15,15,17,17,16,27,18,11,11,12,8,9,7,6,5,5,4
"31-10-2014",4,3,3,3,3,5,7,7,8,10,8,6,7,7,7,6,5,5,5,5,6,5,5,6
"01-11-2014",6,6,5,5,5,6,7,7,6,6,6,6,6,6,5,6,6,5,5,5,5,5,5,4
"02-11-2014",4,3,3,3,3,3,4,5,5,7,7,6,6,6,5,5,6,7,6,6,7,8,9,12
"03-11-2014",11,10,7,6,6,6,7,9,10,10,9,11,12,11,8,7,7,6,6,6,5,4,4,4
"04-11-2014",4,3,3,3,4,4,5,7,8,9,8,7,9,8,9,6,5,4,5,6,7,7,5,5
"05-11-2014",4,4,3,3,3,6,7,9,10,7,5,4,5,5,5,4,4,3,3,3,3,3,3,3
"06-11-2014",3,3,3,2,3,3,3,6,5,4,4,4,3,3,3,3,3,3,4,3,5,6,6,6
"07-11-2014",5,4,3,3,3,5,6,8,6,7,11,6,7,8,7,4,4,5,4,4,3,3,3,3
"08-11-2014",3,2,2,2,2,3,4,4,5,4,5,5,4,4,5,4,4,4,3,3,4,4,3,3
"09-11-2014",3,3,2,2,3,4,4,5,4,4,4,3,3,4,4,4,5,3,3,3,5,6,5,5
"10-11-2014",4,3,3,3,3,5,8,9,10,11,8,8,13,16,16,11,6,4,4,5,5,5,5,4
"11-11-2014",3,3,3,3,3,4,5,7,7,7,6,-9999,-9999,-9999,-9999,-9999,-9999,-9999,-9999,-9999,-9999,-9999,-9999,-9999
"12-11-2014",-9999,-9999,-9999,-9999,-9999,-9999,-9999,-9999,-9999,-9999,-9999,-9999,-9999,-9999,-9999,-9999,-9999,-9999,-9999,-9999,-9999,-9999,-9999,-9999
"13-11-2014",-9999,-9999,-9999,-9999,-9999,-9999,-9999,-9999,-9999,-9999,-9999,-9999,-9999,-9999,-9999,-9999,-9999,-9999,-9999,-9999,-9999,-9999,-9999,-9999
"14-11-2014",-9999,-9999,-9999,-9999,-9999,-9999,-9999,-9999,-9999,-9999,-9999,-9999,-9999,-9999,-9999,-9999,-9999,-9999,-9999,-9999,-9999,-9999,-9999,-9999
"15-11-2014",-9999,-9999,-9999,-9999,-9999,-9999,-9999,-9999,-9999,-9999,-9999,-9999,-9999,-9999,-9999,-9999,-9999,-9999,-9999,-9999,-9999,-9999,-9999,-9999
"16-11-2014",-9999,-9999,-9999,-9999,-9999,-9999,-9999,-9999,-9999,-9999,-9999,-9999,-9999,-9999,-9999,-9999,-9999,-9999,-9999,-9999,-9999,-9999,-9999,-9999
"17-11-2014",-9999,-9999,-9999,-9999,-9999,-9999,-9999,-9999,-9999,-9999,-9999,-9999,-9999,-9999,-9999,-9999,-9999,-9999,-9999,-9999,-9999,-9999,-9999,-9999
"18-11-2014",-9999,-9999,-9999,-9999,-9999,-9999,-9999,-9999,-9999,-9999,-9999,-9999,-9999,-9999,-9999,-9999,-9999,-9999,-9999,-9999,-9999,-9999,-9999,-9999
"19-11-2014",-9999,-9999,-9999,-9999,-9999,-9999,-9999,-9999,-9999,-9999,-9999,-9999,-9999,-9999,-9999,-9999,-9999,-9999,-9999,-9999,-9999,-9999,-9999,-9999
"20-11-2014",-9999,-9999,-9999,-9999,-9999,-9999,-9999,-9999,-9999,-9999,-9999,-9999,-9999,-9999,-9999,-9999,-9999,-9999,-9999,-9999,-9999,-9999,-9999,-9999
"21-11-2014",-9999,-9999,-9999,-9999,-9999,-9999,-9999,-9999,-9999,-9999,-9999,-9999,-9999,-9999,-9999,-9999,-9999,-9999,-9999,-9999,-9999,-9999,-9999,-9999
"22-11-2014",-9999,-9999,-9999,-9999,-9999,-9999,-9999,-9999,-9999,-9999,-9999,-9999,-9999,-9999,-9999,-9999,-9999,-9999,-9999,-9999,-9999,-9999,-9999,-9999
"23-11-2014",-9999,-9999,-9999,-9999,-9999,-9999,-9999,-9999,-9999,-9999,-9999,-9999,-9999,-9999,-9999,-9999,-9999,-9999,-9999,-9999,-9999,-9999,-9999,-9999
"24-11-2014",-9999,-9999,-9999,-9999,-9999,-9999,-9999,-9999,-9999,-9999,-9999,-9999,-9999,-9999,-9999,-9999,-9999,-9999,-9999,-9999,-9999,-9999,-9999,-9999
"25-11-2014",-9999,-9999,-9999,-9999,-9999,-9999,-9999,-9999,-9999,-9999,-9999,-9999,-9999,-9999,-9999,-9999,-9999,-9999,-9999,-9999,-9999,-9999,-9999,-9999
"26-11-2014",-9999,-9999,-9999,-9999,-9999,-9999,-9999,-9999,-9999,-9999,-9999,-9999,-9999,-9999,-9999,-9999,-9999,-9999,-9999,-9999,-9999,-9999,-9999,-9999
"27-11-2014",-9999,-9999,-9999,-9999,-9999,-9999,-9999,-9999,-9999,-9999,-9999,-9999,-9999,-9999,-9999,-9999,-9999,-9999,-9999,-9999,-9999,-9999,-9999,-9999
"28-11-2014",-9999,-9999,-9999,-9999,-9999,-9999,-9999,-9999,-9999,-9999,-9999,-9999,-9999,-9999,-9999,-9999,-9999,-9999,-9999,-9999,-9999,-9999,-9999,-9999
"29-11-2014",-9999,-9999,-9999,-9999,-9999,-9999,-9999,-9999,-9999,-9999,-9999,-9999,-9999,-9999,-9999,-9999,-9999,-9999,-9999,-9999,-9999,-9999,-9999,-9999
"30-11-2014",-9999,-9999,-9999,-9999,-9999,-9999,-9999,-9999,-9999,-9999,-9999,-9999,-9999,-9999,-9999,-9999,-9999,-9999,-9999,-9999,-9999,-9999,-9999,-9999
"01-12-2014",-9999,-9999,-9999,-9999,-9999,-9999,-9999,-9999,-9999,-9999,-9999,-9999,-9999,-9999,-9999,-9999,-9999,-9999,-9999,-9999,-9999,-9999,-9999,-9999
"02-12-2014",-9999,-9999,-9999,-9999,-9999,-9999,-9999,-9999,-9999,-9999,-9999,-9999,-9999,-9999,-9999,-9999,-9999,-9999,-9999,-9999,-9999,-9999,-9999,-9999
"03-12-2014",-9999,-9999,-9999,-9999,-9999,-9999,-9999,-9999,-9999,-9999,-9999,-9999,-9999,-9999,-9999,-9999,-9999,-9999,-9999,-9999,-9999,-9999,-9999,-9999
"04-12-2014",-9999,-9999,-9999,-9999,-9999,-9999,-9999,-9999,-9999,-9999,-9999,-9999,-9999,-9999,-9999,-9999,-9999,-9999,-9999,-9999,-9999,-9999,-9999,-9999
"05-12-2014",-9999,-9999,-9999,-9999,-9999,-9999,-9999,-9999,-9999,-9999,7,8,8,7,8,6,6,6,8,9,9,8,8,8
"06-12-2014",6,6,5,5,5,5,5,5,6,7,7,7,8,14,16,13,17,13,12,16,17,12,10,11
"07-12-2014",10,9,9,7,7,9,9,9,9,10,12,12,13,20,21,15,9,8,7,8,9,9,6,6
"08-12-2014",5,5,5,5,5,5,7,10,8,7,6,7,10,15,19,16,14,12,11,11,9,8,8,7
"09-12-2014",6,5,5,6,6,7,10,9,9,11,9,10,13,20,19,15,16,13,13,10,13,12,16,13
"10-12-2014",11,9,7,7,7,9,10,13,13,14,12,12,12,11,11,12,10,10,9,9,8,7,7,7
"11-12-2014",6,6,6,5,5,8,8,9,9,10,12,10,10,9,10,8,9,8,9,9,8,7,6,6
"12-12-2014",6,5,6,6,6,7,8,9,6,7,8,9,7,7,6,7,8,8,9,10,9,7,7,7
"13-12-2014",7,7,9,11,11,10,9,9,9,13,12,13,13,16,17,18,13,10,10,10,10,10,9,8
"14-12-2014",8,7,7,6,6,7,8,9,9,10,10,9,11,16,17,19,14,9,10,12,12,10,9,9
"15-12-2014",8,7,6,6,6,8,8,10,10,11,11,12,15,18,17,12,10,8,9,14,14,13,13,13
"16-12-2014",11,9,8,8,8,10,11,12,13,13,14,10,9,9,8,8,7,7,7,7,6,6,5,5
"17-12-2014",5,5,5,5,5,6,6,6,6,6,6,6,6,7,9,7,12,12,11,10,9,12,7,8
"18-12-2014",9,9,8,8,8,10,12,15,16,22,17,16,17,12,12,-9999,21,11,13,16,17,18,15,15
"19-12-2014",12,9,9,8,8,12,13,16,20,-9999,18,27,31,35,29,23,18,14,16,19,17,18,17,15
"20-12-2014",13,11,10,10,9,12,14,16,16,19,15,15,20,34,29,22,14,10,9,10,12,16,15,15
"21-12-2014",12,11,9,8,8,9,9,11,12,12,10,12,12,21,19,12,11,11,11,11,9,9,10,10
"22-12-2014",10,9,12,14,14,11,12,15,15,15,14,14,13,13,13,13,17,15,21,29,21,21,23,21
"23-12-2014",18,16,13,12,12,16,16,17,22,27,25,36,26,23,28,21,19,41,21,23,25,31,27,24
"24-12-2014",18,15,13,12,11,15,19,21,20,25,42,41,39,63,75,49,25,15,17,19,24,23,21,19
"25-12-2014",16,14,11,10,10,10,10,10,11,12,12,15,18,28,31,23,17,12,12,11,13,14,13,17
"26-12-2014",13,14,12,15,17,16,12,12,11,11,13,12,11,16,19,17,11,10,10,12,12,12,12,11
"27-12-2014",10,8,8,8,7,8,10,9,12,13,20,17,16,13,14,13,12,10,12,13,13,12,12,11
"28-12-2014",9,9,8,8,8,9,9,10,11,13,14,16,15,14,12,9,9,7,7,7,7,6,7,7
"29-12-2014",7,6,6,6,6,7,7,18,17,26,19,22,23,24,26,21,12,18,11,14,16,17,13,9
"30-12-2014",8,7,7,6,6,6,-9999,-9999,7,7,8,9,9,9,8,8,9,9,9,9,9,9,9,8
"31-12-2014",8,8,8,8,7,9,9,9,9,9,10,12,8,8,9,8,8,8,7,7,7,7,7,6
