"01-01-2014",39,30,12,9,22,16,16,18,17,31,43,34,31,22,22,29,34,57,73,67,55,45,33,42
"02-01-2014",41,21,18,18,30,49,71,84,67,40,39,26,24,31,29,47,37,57,91,133,105,107,72,71
"03-01-2014",39,42,65,25,28,91,173,240,272,141,117,76,68,70,38,43,39,36,89,134,148,127,88,70
"04-01-2014",41,52,31,19,15,43,97,130,141,132,49,27,20,19,25,20,60,62,93,140,160,196,139,119
"05-01-2014",89,88,48,40,31,56,69,100,103,105,97,36,15,19,8,8,9,15,26,17,67,6,22,59
"06-01-2014",41,38,20,7,8,6,6,6,5,2,1,7,9,10,8,13,28,46,80,106,137,64,42,34
"07-01-2014",12,11,8,5,13,48,62,111,115,85,111,92,93,90,68,69,61,72,86,84,86,85,49,47
"08-01-2014",12,5,6,29,4,15,25,34,38,28,31,35,31,28,29,38,44,51,32,28,34,22,15,15
"09-01-2014",4,2,2,1,5,53,34,53,52,104,64,38,35,50,36,45,49,71,158,194,168,129,100,126
"10-01-2014",108,68,39,35,36,133,268,326,334,213,143,46,35,28,24,16,18,27,36,38,53,19,14,27
"11-01-2014",96,92,70,58,45,81,106,125,125,130,68,27,29,13,12,13,14,12,12,18,18,11,9,13
"12-01-2014",23,29,34,44,72,93,73,104,82,94,40,13,13,10,12,13,8,13,16,19,60,122,141,216
"13-01-2014",112,60,26,17,30,69,131,204,214,154,120,101,75,77,81,115,99,150,98,74,94,91,78,52
"14-01-2014",15,10,4,5,14,64,132,162,152,99,87,54,65,55,44,40,34,50,57,113,151,105,81,74
"15-01-2014",24,10,8,5,15,64,95,179,93,115,26,21,14,13,17,17,9,11,17,12,17,9,8,7
"16-01-2014",3,5,6,6,24,102,124,182,189,136,74,57,62,89,84,71,43,17,51,48,169,315,236,179
"17-01-2014",143,108,84,59,71,110,206,278,273,229,154,66,34,30,22,18,17,21,31,66,161,259,263,86
"18-01-2014",23,9,12,6,18,33,67,74,64,41,14,13,12,19,13,13,28,28,30,96,143,145,238,215
"19-01-2014",211,139,115,101,98,115,82,154,174,116,49,8,8,6,8,10,6,7,8,10,11,8,9,5
"20-01-2014",2,1,1,1,3,5,20,14,17,17,13,12,12,15,15,9,9,11,15,15,9,14,10,4
"21-01-2014",3,1,1,3,3,8,14,29,56,34,16,36,18,13,27,22,10,44,54,25,56,40,9,8
"22-01-2014",5,7,4,2,5,25,115,164,117,59,-9999,-9999,42,42,68,49,37,57,38,36,71,37,22,34
"23-01-2014",10,3,2,2,6,34,91,101,64,56,72,46,51,56,45,42,48,87,77,66,79,38,46,13
"24-01-2014",4,4,3,6,19,103,164,223,311,272,196,135,69,51,38,18,11,14,17,9,15,8,7,4
"25-01-2014",15,12,21,6,13,40,26,10,65,37,32,48,58,32,69,35,52,43,29,26,31,40,21,12
"26-01-2014",13,7,5,4,7,11,11,21,12,19,13,13,15,16,14,21,18,25,18,34,28,27,12,18
"27-01-2014",6,4,4,9,9,11,24,34,44,40,36,46,43,51,50,64,60,89,96,103,130,118,101,97
"28-01-2014",49,12,10,5,25,71,112,155,171,187,246,230,163,124,97,117,165,163,172,164,186,86,72,18
"29-01-2014",5,6,5,4,4,20,77,85,40,39,64,51,45,82,97,94,58,69,66,50,73,37,29,23
"30-01-2014",26,48,29,10,37,86,187,249,244,138,114,81,64,20,9,14,15,23,133,156,150,123,77,50
"31-01-2014",11,11,4,7,10,29,38,59,75,64,77,68,80,66,77,68,50,55,57,52,50,38,25,16
"01-02-2014",8,8,4,3,9,16,22,20,24,33,42,46,63,57,31,37,39,36,31,49,23,26,29,32
"02-02-2014",12,6,4,3,4,18,16,35,13,20,27,24,22,25,22,16,23,17,21,36,27,14,15,13
"03-02-2014",4,9,3,2,6,14,24,44,52,48,42,35,45,44,61,119,60,44,40,33,26,21,17,13
"04-02-2014",7,4,2,3,5,50,82,126,71,46,50,39,45,42,49,52,38,37,61,59,94,58,39,25
"05-02-2014",12,3,3,6,16,25,46,79,97,91,108,61,24,36,84,40,46,33,72,82,89,89,46,60
"06-02-2014",24,14,6,5,13,67,123,148,130,117,28,24,23,16,14,13,17,25,22,121,117,84,28,23
"07-02-2014",8,3,5,2,7,17,59,110,91,55,61,47,29,75,66,33,73,43,22,43,39,29,29,29
"08-02-2014",93,158,120,110,79,188,183,177,216,95,22,31,16,10,9,9,9,7,6,10,14,75,107,125
"09-02-2014",178,102,55,54,29,3,11,48,66,111,43,19,41,12,8,11,7,12,19,28,37,44,13,19
"10-02-2014",12,13,4,3,21,83,72,58,145,53,36,21,14,13,9,14,14,15,32,42,48,92,159,197
"11-02-2014",169,129,112,81,68,145,184,286,200,89,19,19,12,13,8,9,10,25,29,28,40,20,19,11
"12-02-2014",4,4,4,7,6,14,117,103,25,19,12,8,10,20,16,14,17,13,13,11,12,11,23,33
"13-02-2014",10,4,4,3,9,44,131,231,89,86,76,72,54,21,23,17,16,14,20,34,50,111,141,51
"14-02-2014",16,18,61,21,43,104,246,201,123,87,40,47,47,45,43,57,55,74,62,86,80,39,19,26
"15-02-2014",28,17,5,13,10,26,25,30,16,21,15,14,18,20,24,19,37,39,54,39,51,41,39,47
"16-02-2014",25,23,31,22,18,42,64,178,166,52,74,17,27,13,7,9,7,16,13,31,49,52,88,69
"17-02-2014",164,105,69,50,74,137,191,360,270,93,88,62,52,20,11,16,11,13,15,17,13,13,29,74
"18-02-2014",110,113,102,83,88,141,242,352,271,185,80,57,35,21,18,22,12,14,49,98,72,154,194,214
"19-02-2014",202,102,76,71,46,108,52,63,92,52,24,66,57,49,23,17,13,13,20,51,97,67,29,8
"20-02-2014",5,3,2,2,5,9,17,32,70,43,17,14,19,9,17,9,11,19,23,27,33,22,12,15
"21-02-2014",4,6,4,13,36,69,116,191,146,118,17,15,21,22,20,12,28,31,59,47,84,72,92,59
"22-02-2014",27,10,11,18,22,67,92,104,92,60,86,65,41,31,31,11,14,9,20,7,15,9,16,12
"23-02-2014",5,4,4,4,6,17,43,64,32,44,46,55,41,31,22,23,15,14,39,98,91,38,60,23
"24-02-2014",8,7,5,8,13,29,55,89,80,73,82,89,80,93,56,49,42,39,36,29,46,38,35,19
"25-02-2014",10,5,6,5,10,35,59,61,63,76,73,58,59,55,64,45,80,85,107,135,151,97,76,53
"26-02-2014",29,13,5,7,20,52,109,137,138,116,35,39,33,31,24,17,17,22,23,25,14,30,43,109
"27-02-2014",72,55,76,40,65,172,285,308,208,86,53,39,32,30,19,17,13,19,21,38,44,40,35,116
"28-02-2014",90,42,33,26,38,137,204,229,239,168,41,81,51,28,24,30,21,18,22,25,21,12,9,4
"01-03-2014",3,2,2,4,15,36,89,83,111,160,116,15,19,26,16,30,18,55,90,85,72,67,51,88
"02-03-2014",38,4,5,4,4,24,23,82,76,46,21,19,29,17,9,9,8,28,34,28,43,68,143,44
"03-03-2014",3,2,1,2,2,3,4,4,3,4,6,6,7,7,9,23,30,29,53,52,59,32,47,35
"04-03-2014",6,14,6,3,8,20,57,163,73,58,38,16,22,24,19,21,17,19,15,17,23,16,19,13
"05-03-2014",6,17,15,8,19,95,239,319,267,151,72,64,29,55,24,25,19,13,54,79,106,71,47,59
"06-03-2014",143,139,85,39,79,151,229,275,269,103,29,26,27,24,15,17,19,11,18,70,72,124,111,86
"07-03-2014",56,25,2,8,30,71,120,174,168,40,24,16,22,16,21,56,64,94,113,101,110,64,57,36
"08-03-2014",16,9,12,7,23,25,30,28,48,30,30,43,67,66,57,52,37,29,32,40,43,38,36,25
"09-03-2014",11,7,5,6,4,19,19,17,15,17,26,23,24,23,21,26,27,27,20,28,27,27,14,12
"10-03-2014",6,2,4,3,10,19,42,51,42,45,36,36,31,30,32,33,44,38,34,45,25,23,15,22
"11-03-2014",4,3,5,4,14,29,72,65,34,28,26,31,31,31,30,27,36,47,32,25,28,19,17,20
"12-03-2014",4,2,4,2,12,39,43,40,39,36,34,31,33,31,23,29,21,29,30,37,101,96,105,138
"13-03-2014",56,25,9,21,36,79,95,143,67,45,54,42,48,40,26,27,20,22,35,114,86,72,45,52
"14-03-2014",18,7,8,18,25,65,69,95,89,73,66,64,77,45,11,14,11,32,57,73,115,130,85,98
"15-03-2014",109,57,21,21,29,63,84,224,142,48,42,36,32,10,10,9,13,10,16,7,16,18,10,28
"16-03-2014",18,20,25,45,49,68,101,218,51,14,14,26,14,7,6,8,9,10,16,14,27,18,35,114
"17-03-2014",68,35,27,21,54,97,182,193,134,174,42,43,35,48,58,65,37,46,34,29,20,28,44,120
"18-03-2014",52,55,28,30,42,108,229,342,158,180,57,34,38,34,9,12,16,18,17,72,150,119,99,186
"19-03-2014",85,102,60,30,62,157,225,305,223,115,32,17,29,11,9,11,7,9,16,22,21,26,10,10
"20-03-2014",4,3,10,10,4,76,92,35,36,23,48,69,53,63,64,65,75,68,68,86,63,48,41,56
"21-03-2014",30,19,30,14,40,106,191,158,105,76,69,62,78,60,36,26,38,38,28,58,111,63,37,37
"22-03-2014",20,11,28,30,39,102,130,86,99,53,33,41,62,29,29,9,9,9,10,17,15,26,25,13
"23-03-2014",7,6,7,15,21,72,95,94,61,43,15,9,14,8,8,9,7,8,7,6,22,20,9,12
"24-03-2014",3,6,14,10,29,102,123,177,130,24,20,16,16,14,12,8,10,11,14,24,19,16,27,11
"25-03-2014",3,2,2,3,4,13,16,32,20,27,17,21,16,20,20,23,16,16,22,27,71,19,8,6
"26-03-2014",4,3,3,5,7,21,100,54,65,25,18,16,11,9,14,15,10,12,12,15,16,17,25,11
"27-03-2014",4,3,3,3,4,39,44,32,21,17,14,10,14,15,15,15,9,20,18,33,25,29,8,8
"28-03-2014",4,3,3,3,6,15,48,64,64,85,66,41,21,24,12,15,13,13,24,51,71,56,20,30
"29-03-2014",16,4,3,3,5,18,31,33,22,21,22,27,28,21,31,16,25,26,35,38,18,22,19,22
"30-03-2014",10,10,11,11,11,16,13,16,15,24,27,20,22,14,20,20,25,17,14,21,28,20,16,9
"31-03-2014",7,6,4,9,72,131,240,193,41,-9999,35,30,41,23,12,9,10,12,12,10,12,10,15,11
"01-04-2014",3,2,7,10,43,85,144,213,257,69,69,33,15,10,8,12,12,14,13,5,15,15,6,13
"02-04-2014",7,9,9,7,60,126,206,246,238,104,70,38,19,22,21,12,14,19,15,14,11,17,10,19
"03-04-2014",27,16,10,9,51,163,255,344,260,138,83,55,58,41,53,26,11,10,11,15,16,24,15,12
"04-04-2014",6,9,3,3,5,10,24,23,24,13,19,16,15,11,14,8,16,18,28,34,19,17,17,14
"05-04-2014",11,4,3,3,6,25,16,26,32,11,20,12,19,13,12,16,12,12,14,13,19,15,8,9
"06-04-2014",7,5,8,4,6,8,8,12,10,6,6,9,6,7,6,10,7,8,6,13,21,16,13,16
"07-04-2014",10,9,13,7,23,38,80,107,114,118,80,74,62,91,69,112,38,10,8,14,58,35,23,22
"08-04-2014",9,7,7,7,8,23,55,123,44,55,49,28,62,38,39,31,18,11,12,15,18,49,28,16
"09-04-2014",25,38,22,22,31,69,88,181,168,86,93,27,21,8,15,15,11,9,5,8,16,9,6,11
"10-04-2014",9,3,3,3,7,23,54,99,112,53,55,71,60,29,75,22,21,28,48,48,50,42,21,12
"11-04-2014",12,6,8,2,7,62,129,140,66,60,76,42,44,14,16,12,15,14,29,67,101,75,33,39
"12-04-2014",21,5,5,4,4,10,73,125,57,33,26,34,20,10,8,8,10,8,6,8,8,14,17,22
"13-04-2014",19,24,20,15,11,31,72,97,65,13,20,21,16,9,10,10,7,23,14,11,43,30,15,7
"14-04-2014",8,15,10,21,52,79,105,98,121,107,63,66,24,19,63,32,22,20,12,23,38,88,11,26
"15-04-2014",39,20,35,33,50,129,221,256,137,60,24,20,14,15,10,11,4,9,15,14,22,22,29,22
"16-04-2014",18,7,7,28,28,112,197,201,31,25,17,26,17,15,16,12,16,13,14,37,63,81,21,33
"17-04-2014",13,6,4,6,18,33,113,235,94,74,82,60,75,83,54,44,17,11,14,17,21,19,24,43
"18-04-2014",14,5,2,6,10,24,77,75,70,23,18,10,10,13,13,18,19,21,12,24,36,38,16,22
"19-04-2014",14,4,4,8,9,13,42,87,61,51,42,53,38,43,23,36,48,15,22,20,34,13,16,11
"20-04-2014",11,11,41,13,9,56,54,34,31,12,8,4,4,4,4,4,4,6,6,5,10,13,9,25
"21-04-2014",4,3,2,2,6,5,12,10,7,11,8,12,21,14,11,11,6,7,9,30,31,23,63,17
"22-04-2014",7,3,4,5,29,94,148,209,184,135,77,59,53,29,9,27,22,10,10,13,65,112,88,96
"23-04-2014",88,123,82,54,77,131,190,248,231,199,162,153,162,137,150,201,120,110,93,130,69,102,30,26
"24-04-2014",8,11,4,3,5,14,25,116,123,88,35,27,29,47,26,16,13,42,46,42,51,48,11,11
"25-04-2014",5,3,4,5,10,43,54,104,70,55,50,58,61,68,49,71,47,25,10,14,50,38,17,16
"26-04-2014",19,7,6,7,19,67,72,78,50,36,10,13,8,9,7,10,6,12,13,36,34,12,11,17
"27-04-2014",16,10,7,13,9,32,27,21,15,12,8,6,13,14,14,16,14,22,35,32,46,26,24,26
"28-04-2014",7,10,7,10,18,98,180,223,131,26,13,19,9,11,46,55,61,42,22,24,30,21,11,17
"29-04-2014",5,3,3,4,5,18,42,48,78,25,39,32,19,17,21,25,15,14,47,38,44,48,37,12
"30-04-2014",4,8,3,6,19,15,53,74,50,69,-9999,55,45,55,65,68,13,16,37,53,58,21,8,8
"01-05-2014",4,5,8,6,10,17,23,45,14,19,17,16,29,6,6,6,5,3,1,8,11,10,7,17
"02-05-2014",7,3,6,2,9,43,85,100,117,83,95,62,12,11,9,13,6,7,10,26,14,15,13,14
"03-05-2014",5,5,3,1,3,14,41,29,25,10,9,10,13,8,7,4,7,13,10,16,18,20,14,14
"04-05-2014",6,3,4,2,2,6,44,77,51,57,24,13,4,4,5,3,8,10,9,14,19,32,13,11
"05-05-2014",7,2,3,3,7,30,98,94,63,47,83,134,123,84,50,12,38,49,30,35,43,37,28,22
"06-05-2014",10,5,9,3,13,30,21,33,51,35,34,33,27,30,73,47,39,47,57,64,63,50,41,28
"07-05-2014",13,6,2,3,7,33,48,43,40,39,42,37,36,33,30,33,29,37,18,26,43,28,19,28
"08-05-2014",10,14,4,4,14,24,43,53,36,29,27,24,29,37,33,25,28,41,30,27,39,28,21,19
"09-05-2014",14,7,9,6,8,39,55,69,40,24,29,34,63,49,33,26,33,29,46,97,81,46,52,32
"10-05-2014",16,4,7,1,2,24,40,37,16,11,8,9,7,13,9,8,8,4,6,13,18,26,15,8
"11-05-2014",4,2,2,3,5,37,94,68,60,56,8,16,11,8,10,7,3,3,4,7,21,17,10,12
"12-05-2014",3,2,2,6,5,14,80,65,98,72,71,88,90,26,11,14,13,9,6,12,10,27,9,10
"13-05-2014",3,2,2,2,2,35,56,119,130,132,82,31,11,12,13,13,14,7,6,13,24,29,9,21
"14-05-2014",6,4,2,2,4,42,114,72,40,28,22,17,15,10,10,12,15,36,21,15,20,16,5,22
"15-05-2014",3,2,1,2,5,18,24,40,41,55,39,31,32,43,30,50,25,31,21,28,29,29,7,6
"16-05-2014",3,2,2,2,3,8,42,75,41,44,47,49,54,58,9,13,15,8,25,19,35,32,10,12
"17-05-2014",6,3,4,3,4,15,33,41,37,36,22,18,4,7,6,7,6,8,4,9,15,11,9,10
"18-05-2014",5,3,4,5,7,7,47,42,50,53,29,30,9,10,4,3,4,4,4,7,13,12,16,20
"19-05-2014",3,1,5,31,52,67,139,164,123,32,20,17,12,48,36,22,37,47,38,18,13,33,7,3
"20-05-2014",2,2,5,8,9,33,94,150,176,126,92,78,114,75,31,14,10,12,10,24,36,28,13,30
"21-05-2014",11,4,6,8,11,24,95,86,29,22,28,36,28,56,58,43,29,47,43,37,43,47,26,47
"22-05-2014",19,10,3,5,12,33,53,69,55,23,22,52,51,62,50,54,49,68,61,58,88,61,51,43
"23-05-2014",22,10,10,4,12,27,89,127,75,64,29,45,74,104,23,10,11,11,15,45,42,29,43,59
"24-05-2014",63,27,43,18,29,77,138,219,70,63,15,38,20,5,8,8,9,5,11,6,14,14,9,10
"25-05-2014",6,1,5,27,3,21,64,75,29,42,40,9,29,9,6,6,7,14,11,12,22,16,6,4
"26-05-2014",6,5,4,11,33,65,75,135,117,54,66,69,72,19,8,8,14,14,7,15,19,97,31,56
"27-05-2014",80,59,33,19,10,32,69,109,156,106,169,100,105,16,14,10,7,10,9,14,16,37,21,14
"28-05-2014",6,3,5,3,5,18,63,106,85,60,68,73,63,67,60,8,10,14,9,14,15,57,12,11
"29-05-2014",11,5,4,3,14,73,100,200,177,45,13,19,23,32,11,13,14,12,12,11,71,37,21,20
"30-05-2014",11,5,4,4,7,15,68,67,47,51,30,49,30,46,39,37,40,43,30,24,37,29,8,30
"31-05-2014",6,4,4,5,3,17,42,53,20,47,32,33,48,60,29,25,8,7,6,13,30,16,7,10
"01-06-2014",4,6,2,3,5,10,45,37,16,49,36,24,27,21,14,26,22,33,33,12,28,40,9,11
"02-06-2014",4,2,3,5,10,15,84,78,68,54,47,51,54,82,97,90,25,13,15,8,15,26,8,13
"03-06-2014",6,7,5,6,16,50,125,126,125,89,114,113,92,80,80,100,55,109,68,61,55,37,17,17
"04-06-2014",9,7,4,10,9,24,36,78,41,33,32,34,24,29,47,63,33,35,38,42,38,25,33,32
"05-06-2014",38,29,35,12,14,81,130,138,120,97,69,73,79,65,28,15,8,14,16,14,15,33,36,56
"06-06-2014",101,53,5,9,30,170,209,307,97,46,45,41,35,39,42,23,12,12,25,12,16,14,11,29
"07-06-2014",45,38,19,67,42,123,206,184,85,60,30,34,18,25,8,30,13,34,56,4,8,35,77,96
"08-06-2014",38,99,44,109,114,76,201,200,41,20,15,16,6,10,19,14,9,8,11,15,33,22,13,11
"09-06-2014",11,2,1,2,4,9,19,38,19,22,23,17,25,19,14,18,25,20,25,40,43,39,31,36
"10-06-2014",18,20,5,2,5,21,61,50,27,34,63,70,74,87,81,75,51,52,61,70,67,52,25,21
"11-06-2014",17,2,4,1,3,33,38,107,46,32,85,75,83,61,80,48,20,29,13,9,5,14,96,79
"12-06-2014",27,32,21,104,82,109,141,98,91,94,61,91,75,83,57,30,24,23,15,17,58,65,39,56
"13-06-2014",24,27,9,91,20,114,179,148,144,144,86,72,78,121,56,58,14,29,13,11,41,93,56,60
"14-06-2014",30,75,154,20,35,51,52,99,82,227,62,75,28,13,12,13,11,6,4,8,6,14,8,13
"15-06-2014",6,4,3,3,3,40,71,66,52,23,15,10,9,9,7,4,18,16,27,30,45,61,54,45
"16-06-2014",18,24,8,15,12,90,194,213,156,223,117,106,64,20,27,13,8,16,4,4,11,16,12,8
"17-06-2014",9,17,10,8,4,31,66,82,82,59,62,55,51,20,11,10,11,12,10,19,19,29,18,12
"18-06-2014",10,3,5,2,4,14,38,29,17,17,19,19,12,12,12,22,10,13,10,19,20,23,11,15
"19-06-2014",5,10,8,68,33,111,132,185,97,82,84,74,72,93,85,81,55,60,36,40,25,10,7,9
"20-06-2014",7,5,3,4,8,13,50,104,29,69,58,65,71,69,72,67,70,71,45,55,65,88,32,27
"21-06-2014",13,17,7,13,10,47,60,89,47,74,18,18,44,25,10,8,10,6,6,12,11,15,11,18
"22-06-2014",6,4,3,60,8,27,90,37,-9999,-9999,-9999,-9999,-9999,7,7,4,4,4,6,9,10,18,14,31
"23-06-2014",15,7,5,3,14,66,136,136,78,144,102,91,121,34,25,23,10,10,10,51,63,25,15,26
"24-06-2014",33,31,14,8,16,70,137,174,112,138,-9999,-9999,46,38,19,17,12,7,10,18,8,42,37,40
"25-06-2014",42,32,51,11,23,87,142,128,124,110,95,38,15,8,8,6,6,5,5,4,9,14,11,8
"26-06-2014",12,5,3,76,11,38,81,184,178,109,77,129,93,117,114,46,4,24,25,8,2,25,11,21
"27-06-2014",18,36,55,101,86,126,236,385,296,70,34,124,17,16,12,6,11,25,26,25,50,118,37,19
"28-06-2014",19,12,4,3,3,8,24,32,25,23,16,16,25,25,13,19,14,16,22,23,37,32,19,15
"29-06-2014",13,6,4,2,2,15,22,42,10,9,11,8,9,9,9,17,12,9,8,22,44,64,50,31
"30-06-2014",12,10,4,2,6,42,57,77,35,40,20,36,72,21,10,12,6,9,10,21,15,10,17,20
"01-07-2014",8,7,12,17,26,81,160,202,142,127,102,86,88,154,67,14,13,11,16,19,22,51,38,54
"02-07-2014",91,50,71,50,30,72,115,102,107,98,91,78,67,58,13,22,26,56,37,54,41,39,32,48
"03-07-2014",25,27,13,8,16,36,59,77,33,40,37,29,14,22,11,13,9,20,80,88,59,49,33,36
"04-07-2014",17,15,6,3,3,10,25,59,53,39,48,35,47,40,29,32,27,27,29,25,19,12,9,25
"05-07-2014",9,4,6,4,5,12,33,23,13,25,25,27,29,32,15,17,11,11,20,14,22,30,26,21
"06-07-2014",28,10,29,70,19,29,88,77,49,35,27,15,30,10,3,5,7,7,30,57,26,40,34,16
"07-07-2014",5,14,12,20,31,85,178,267,152,97,80,88,78,64,56,25,15,18,16,122,66,43,21,9
"08-07-2014",20,113,61,31,26,102,132,310,90,199,65,63,18,41,8,19,14,12,6,25,9,16,19,11
"09-07-2014",5,5,45,17,27,39,76,140,84,116,58,68,63,73,59,17,6,9,15,65,42,40,18,11
"10-07-2014",11,19,4,9,15,38,103,187,108,108,86,84,78,97,84,8,15,8,6,19,39,60,34,39
"11-07-2014",17,26,16,8,19,54,115,172,79,98,64,74,82,19,15,15,9,9,46,74,46,51,11,13
"12-07-2014",9,15,8,7,8,13,37,75,33,48,41,21,34,32,23,32,27,17,5,15,17,86,19,31
"13-07-2014",14,13,15,9,18,28,104,154,21,42,45,37,20,9,5,6,14,7,8,8,14,29,28,14
"14-07-2014",10,30,6,8,12,41,141,100,135,114,71,64,78,110,108,183,211,110,11,22,25,15,9,36
"15-07-2014",24,35,10,7,14,45,99,155,111,92,67,-9999,-9999,-9999,-9999,-9999,-9999,-9999,-9999,-9999,-9999,-9999,-9999,-9999
"16-07-2014",-9999,-9999,-9999,-9999,-9999,-9999,-9999,-9999,-9999,-9999,-9999,-9999,-9999,-9999,-9999,-9999,-9999,-9999,-9999,-9999,-9999,-9999,-9999,-9999
"17-07-2014",-9999,-9999,-9999,-9999,-9999,-9999,-9999,-9999,-9999,-9999,-9999,-9999,-9999,-9999,-9999,-9999,-9999,-9999,-9999,-9999,-9999,-9999,-9999,-9999
"18-07-2014",-9999,-9999,-9999,-9999,-9999,-9999,-9999,-9999,-9999,-9999,-9999,-9999,-9999,-9999,-9999,-9999,-9999,-9999,-9999,-9999,-9999,-9999,-9999,-9999
"19-07-2014",-9999,-9999,-9999,-9999,-9999,-9999,-9999,-9999,-9999,-9999,-9999,-9999,-9999,-9999,-9999,-9999,-9999,-9999,-9999,-9999,-9999,-9999,-9999,-9999
"20-07-2014",-9999,-9999,-9999,-9999,-9999,-9999,-9999,-9999,-9999,-9999,-9999,-9999,-9999,-9999,-9999,-9999,-9999,-9999,-9999,-9999,-9999,-9999,-9999,-9999
"21-07-2014",-9999,-9999,-9999,-9999,-9999,-9999,-9999,-9999,-9999,-9999,-9999,-9999,-9999,-9999,-9999,-9999,-9999,-9999,-9999,-9999,-9999,-9999,-9999,-9999
"22-07-2014",-9999,-9999,-9999,-9999,-9999,-9999,-9999,-9999,-9999,-9999,-9999,-9999,-9999,-9999,-9999,-9999,-9999,-9999,-9999,-9999,-9999,-9999,-9999,-9999
"23-07-2014",-9999,-9999,-9999,-9999,-9999,-9999,-9999,-9999,-9999,-9999,-9999,-9999,-9999,-9999,-9999,-9999,-9999,-9999,-9999,-9999,-9999,-9999,-9999,-9999
"24-07-2014",-9999,-9999,-9999,-9999,-9999,-9999,-9999,-9999,-9999,-9999,-9999,-9999,-9999,-9999,-9999,-9999,-9999,-9999,-9999,-9999,-9999,-9999,-9999,-9999
"25-07-2014",-9999,-9999,-9999,-9999,-9999,-9999,-9999,-9999,-9999,-9999,-9999,-9999,-9999,-9999,-9999,-9999,-9999,-9999,-9999,-9999,-9999,-9999,-9999,-9999
"26-07-2014",-9999,-9999,-9999,-9999,-9999,-9999,-9999,-9999,-9999,-9999,-9999,-9999,-9999,-9999,-9999,-9999,-9999,-9999,-9999,-9999,-9999,-9999,-9999,-9999
"27-07-2014",-9999,-9999,-9999,-9999,-9999,-9999,-9999,-9999,-9999,-9999,-9999,-9999,-9999,-9999,-9999,-9999,-9999,-9999,-9999,-9999,-9999,-9999,-9999,-9999
"28-07-2014",-9999,-9999,-9999,-9999,-9999,-9999,-9999,-9999,-9999,-9999,-9999,-9999,-9999,-9999,-9999,-9999,-9999,-9999,-9999,-9999,-9999,-9999,-9999,-9999
"29-07-2014",-9999,-9999,-9999,-9999,-9999,-9999,-9999,-9999,-9999,-9999,-9999,-9999,-9999,-9999,-9999,-9999,-9999,-9999,-9999,-9999,-9999,-9999,-9999,-9999
"30-07-2014",-9999,-9999,-9999,-9999,-9999,-9999,-9999,-9999,-9999,-9999,-9999,-9999,-9999,-9999,-9999,-9999,-9999,-9999,-9999,-9999,-9999,-9999,-9999,-9999
"31-07-2014",-9999,-9999,-9999,-9999,-9999,-9999,-9999,-9999,-9999,-9999,-9999,-9999,-9999,-9999,-9999,-9999,-9999,-9999,-9999,-9999,-9999,-9999,-9999,-9999
"01-08-2014",-9999,-9999,-9999,-9999,-9999,-9999,-9999,-9999,-9999,-9999,-9999,-9999,-9999,-9999,-9999,-9999,-9999,-9999,-9999,-9999,-9999,-9999,-9999,-9999
"02-08-2014",-9999,-9999,-9999,-9999,-9999,-9999,-9999,-9999,-9999,-9999,-9999,-9999,-9999,-9999,-9999,-9999,-9999,-9999,-9999,-9999,-9999,-9999,-9999,-9999
"03-08-2014",-9999,-9999,-9999,-9999,-9999,-9999,-9999,-9999,-9999,-9999,-9999,-9999,-9999,-9999,-9999,-9999,-9999,-9999,-9999,-9999,-9999,-9999,-9999,-9999
"04-08-2014",-9999,-9999,-9999,-9999,-9999,-9999,-9999,-9999,-9999,-9999,-9999,-9999,-9999,-9999,-9999,-9999,-9999,-9999,-9999,-9999,-9999,-9999,-9999,-9999
"05-08-2014",-9999,-9999,-9999,-9999,-9999,-9999,-9999,-9999,-9999,-9999,-9999,-9999,-9999,-9999,-9999,-9999,-9999,-9999,-9999,-9999,-9999,-9999,-9999,-9999
"06-08-2014",-9999,-9999,-9999,-9999,-9999,-9999,-9999,-9999,-9999,-9999,-9999,-9999,-9999,-9999,-9999,-9999,-9999,-9999,-9999,-9999,-9999,-9999,-9999,-9999
"07-08-2014",-9999,-9999,-9999,-9999,-9999,-9999,-9999,-9999,-9999,-9999,-9999,-9999,-9999,-9999,-9999,-9999,-9999,-9999,-9999,-9999,-9999,-9999,-9999,-9999
"08-08-2014",-9999,-9999,-9999,-9999,-9999,-9999,-9999,-9999,-9999,-9999,-9999,-9999,-9999,-9999,-9999,-9999,-9999,-9999,-9999,-9999,-9999,-9999,-9999,-9999
"09-08-2014",-9999,-9999,-9999,-9999,-9999,-9999,-9999,-9999,-9999,-9999,-9999,-9999,-9999,-9999,-9999,-9999,-9999,-9999,-9999,-9999,-9999,-9999,-9999,-9999
"10-08-2014",-9999,-9999,-9999,-9999,-9999,-9999,-9999,-9999,-9999,-9999,-9999,-9999,-9999,-9999,-9999,-9999,-9999,-9999,-9999,-9999,-9999,-9999,-9999,-9999
"11-08-2014",-9999,-9999,-9999,-9999,-9999,-9999,-9999,-9999,-9999,-9999,-9999,-9999,-9999,-9999,-9999,-9999,-9999,-9999,-9999,-9999,-9999,-9999,-9999,-9999
"12-08-2014",-9999,-9999,-9999,-9999,-9999,-9999,-9999,-9999,-9999,-9999,-9999,28,57,155,71,66,8,7,34,107,84,87,87,59
"13-08-2014",29,35,7,32,59,54,83,102,29,29,38,45,63,58,46,97,84,41,31,48,65,57,44,55
"14-08-2014",37,37,15,5,9,27,53,41,19,26,25,39,6,7,8,8,6,8,8,10,11,11,13,29
"15-08-2014",17,17,32,115,31,100,101,159,52,67,22,6,2,19,3,5,4,5,5,6,7,18,10,10
"16-08-2014",4,11,3,4,4,39,111,248,44,38,72,34,35,21,15,64,23,29,49,26,14,96,34,42
"17-08-2014",21,21,8,33,19,53,176,236,58,55,64,57,37,32,35,22,26,23,12,16,16,18,10,11
"18-08-2014",2,18,14,2,1,16,44,59,54,31,26,33,43,44,47,37,25,27,33,38,45,25,41,26
"19-08-2014",35,11,5,2,2,9,71,116,36,20,25,41,31,30,23,23,26,25,25,42,69,23,37,34
"20-08-2014",32,20,41,4,10,50,116,125,41,40,69,91,75,50,28,7,4,5,8,14,16,12,12,12
"21-08-2014",6,3,4,16,23,49,117,115,101,55,70,42,61,24,18,6,4,10,7,6,14,26,42,46
"22-08-2014",56,63,12,25,39,120,183,210,139,181,53,17,44,17,11,17,8,6,9,18,13,20,37,33
"23-08-2014",58,24,26,14,32,116,205,181,130,42,12,64,83,64,15,14,9,13,11,12,10,22,54,38
"24-08-2014",59,20,17,7,25,53,86,126,66,84,25,7,3,2,5,6,10,7,5,13,18,30,37,60
"25-08-2014",29,116,80,35,30,46,159,141,94,44,19,89,78,79,47,5,9,32,39,45,35,23,16,29
"26-08-2014",22,11,9,2,7,40,43,60,44,51,30,47,14,11,25,34,8,21,11,48,33,43,42,28
"27-08-2014",27,9,10,14,16,59,118,216,127,88,42,43,108,33,6,6,9,8,10,16,13,22,39,22
"28-08-2014",25,18,10,19,31,96,142,146,128,179,112,55,46,70,34,44,75,56,56,59,72,30,24,16
"29-08-2014",13,9,4,3,11,25,87,149,76,55,38,66,67,66,50,50,57,68,37,47,34,22,20,25
"30-08-2014",17,8,10,5,10,26,55,80,21,21,15,21,21,18,14,15,15,10,7,12,15,18,28,29
"31-08-2014",21,10,10,7,6,13,25,57,13,11,11,10,12,8,12,24,18,24,68,18,21,8,13,24
"01-09-2014",27,17,22,3,15,56,108,129,115,77,82,93,60,16,7,10,9,12,14,6,5,12,9,15
"02-09-2014",6,11,3,2,3,24,110,150,74,29,24,19,18,20,16,13,5,13,11,11,12,25,25,19
"03-09-2014",18,6,8,1,2,10,74,187,114,120,60,45,37,31,9,21,8,19,20,42,67,55,20,20
"04-09-2014",22,19,7,8,6,28,94,203,70,48,35,45,30,37,14,16,8,14,14,6,18,14,14,26
"05-09-2014",9,21,17,8,11,35,101,182,93,48,73,55,54,37,7,9,9,10,12,16,25,19,23,39
"06-09-2014",30,30,11,15,10,36,60,84,97,36,22,9,24,11,5,7,7,7,11,8,17,24,10,10
"07-09-2014",6,8,12,3,2,11,52,136,32,17,39,31,15,15,24,17,26,23,36,19,57,73,35,25
"08-09-2014",12,23,6,8,9,25,95,167,45,48,41,60,61,133,99,30,13,9,11,11,68,8,19,38
"09-09-2014",23,17,7,14,9,40,87,119,87,105,51,43,97,129,59,32,60,99,116,73,75,84,36,82
"10-09-2014",48,14,14,16,19,69,136,201,119,85,55,43,70,109,87,82,9,7,13,6,73,50,57,38
"11-09-2014",53,37,9,7,24,80,146,179,166,74,33,45,49,41,13,9,8,5,18,10,14,21,21,28
"12-09-2014",10,11,23,7,16,63,142,163,187,140,103,106,101,104,43,10,17,9,7,17,20,16,12,9
"13-09-2014",10,13,11,11,18,52,86,121,91,28,18,17,46,19,28,6,4,5,4,11,10,13,6,42
"14-09-2014",22,15,8,5,4,14,40,49,35,16,3,9,9,18,5,4,7,4,7,11,14,7,6,6
"15-09-2014",3,28,12,13,16,78,153,193,111,85,84,77,17,55,53,47,8,9,9,16,14,15,8,5
"16-09-2014",35,27,10,9,11,73,112,141,108,55,50,54,59,108,38,74,59,86,105,72,102,80,52,40
"17-09-2014",27,7,7,4,9,43,83,93,79,53,61,42,78,86,71,85,39,42,48,54,65,30,22,32
"18-09-2014",6,6,2,3,8,21,53,57,73,87,38,30,40,50,72,72,66,68,78,87,95,43,35,27
"19-09-2014",13,2,2,2,10,28,111,129,95,68,45,83,79,56,29,24,12,19,18,77,84,65,64,92
"20-09-2014",53,21,14,9,14,45,121,167,117,96,30,31,10,24,25,7,4,8,12,18,12,11,10,19
"21-09-2014",19,12,10,5,8,20,98,44,79,24,23,11,14,10,6,4,5,6,7,9,25,13,18,12
"22-09-2014",6,10,4,3,3,47,149,134,106,113,80,36,58,18,13,10,15,9,12,33,15,32,29,40
"23-09-2014",42,7,15,21,19,51,62,254,185,130,42,18,23,95,91,99,55,49,66,84,63,74,26,24
"24-09-2014",13,7,3,4,8,24,67,84,111,106,107,87,47,29,16,21,15,18,12,20,22,13,18,12
"25-09-2014",9,2,6,9,22,70,139,179,137,63,36,25,17,19,9,13,12,34,63,91,90,50,28,19
"26-09-2014",10,10,5,7,17,33,95,93,119,99,95,40,95,143,104,139,89,77,49,48,51,21,14,13
"27-09-2014",16,3,5,6,8,15,32,50,32,23,22,20,23,26,29,32,21,16,16,18,25,22,16,35
"28-09-2014",12,12,6,8,5,12,34,37,11,17,11,16,14,31,20,13,14,11,43,45,65,31,26,24
"29-09-2014",12,32,2,4,7,33,72,96,93,76,56,77,90,74,66,30,21,22,27,29,30,23,16,24
"30-09-2014",34,8,7,7,10,39,87,142,111,65,38,48,49,47,46,63,51,59,46,81,92,63,52,34
"01-10-2014",50,31,19,21,34,112,224,287,296,116,41,20,29,48,84,71,20,22,27,104,157,122,56,67
"02-10-2014",46,15,14,12,14,86,85,112,63,47,43,41,43,41,39,41,31,37,41,85,85,35,27,13
"03-10-2014",18,25,2,11,24,91,116,179,192,95,98,111,97,101,85,82,40,23,30,23,22,12,11,11
"04-10-2014",7,5,5,4,7,14,43,51,44,43,48,50,69,94,30,44,19,20,19,26,30,25,16,14
"05-10-2014",12,11,9,13,10,35,56,76,48,19,31,25,13,21,50,41,27,23,35,45,62,36,38,51
"06-10-2014",31,7,4,7,8,77,130,208,185,164,36,7,9,12,15,13,11,7,6,7,27,26,22,36
"07-10-2014",23,13,13,12,23,111,173,247,213,126,57,27,69,6,88,96,62,86,100,194,178,131,42,84
"08-10-2014",131,62,41,34,47,114,220,241,247,122,80,108,64,196,190,91,90,33,35,89,104,88,84,64
"09-10-2014",43,17,4,8,26,87,106,152,104,64,55,56,34,53,35,51,40,25,38,38,43,52,69,70
"10-10-2014",19,21,13,10,5,32,64,68,48,43,59,49,44,45,51,49,69,61,33,51,63,50,29,56
"11-10-2014",19,8,11,8,6,12,33,23,26,31,30,32,23,22,16,32,28,45,23,39,65,72,53,72
"12-10-2014",41,33,11,14,12,24,69,104,97,81,16,15,14,17,17,12,5,7,14,22,11,32,88,95
"13-10-2014",53,22,9,7,29,99,194,315,306,137,74,121,48,73,28,10,12,20,25,25,25,50,41,105
"14-10-2014",50,18,10,10,33,84,175,185,237,103,45,32,83,63,67,17,13,15,18,20,29,33,35,45
"15-10-2014",66,53,30,13,25,77,203,236,302,186,59,56,57,17,29,14,11,12,21,17,34,51,49,45
"16-10-2014",38,39,30,64,59,149,241,231,164,270,226,96,28,24,27,27,14,31,124,69,64,31,32,46
"17-10-2014",17,7,10,7,9,39,103,127,62,109,108,112,98,85,66,109,147,118,45,44,40,25,10,14
"18-10-2014",8,9,4,4,15,8,65,175,105,64,89,66,38,42,35,73,76,24,20,35,33,27,19,29
"19-10-2014",19,10,6,5,5,11,14,23,17,20,36,25,16,20,18,18,19,24,42,44,74,33,13,9
"20-10-2014",15,3,2,1,5,46,55,92,71,55,-9999,-9999,43,46,34,30,33,29,30,83,126,106,50,84
"21-10-2014",45,33,18,10,16,109,186,263,252,177,75,34,16,32,11,11,7,19,15,32,31,19,11,92
"22-10-2014",44,24,20,11,41,65,161,149,171,161,55,10,14,18,21,14,12,11,17,13,8,7,5,4
"23-10-2014",3,1,1,1,1,4,6,9,10,11,26,48,44,47,40,54,25,25,22,46,62,34,22,53
"24-10-2014",35,26,22,9,20,87,138,64,60,202,56,19,40,13,16,52,34,17,31,23,25,38,20,12
"25-10-2014",3,8,19,21,34,70,168,187,172,169,64,59,66,47,55,62,40,49,27,27,41,21,26,19
"26-10-2014",23,14,10,15,7,8,10,23,38,37,24,23,20,23,18,15,17,15,21,18,20,32,22,21
"27-10-2014",35,15,5,4,6,9,18,38,81,81,51,52,56,82,95,90,52,56,60,53,54,42,34,26
"28-10-2014",9,5,3,4,6,11,24,31,29,29,37,38,39,39,30,50,48,48,53,47,53,39,33,48
"29-10-2014",20,18,14,8,19,58,90,75,68,99,66,76,61,63,74,109,105,81,79,68,103,67,51,27
"30-10-2014",21,20,28,24,40,69,83,183,100,67,61,54,73,76,54,37,87,67,187,144,121,73,60,52
"31-10-2014",29,14,13,11,23,108,172,188,188,152,141,101,136,94,79,75,71,83,84,88,76,44,36,30
"01-11-2014",15,11,4,7,9,31,64,50,31,25,34,62,66,80,48,45,35,33,29,40,56,54,78,37
"02-11-2014",17,6,16,12,10,21,37,70,37,26,35,21,19,13,11,10,16,19,17,25,37,28,20,19
"03-11-2014",9,11,5,4,4,30,78,168,101,90,92,65,45,57,73,48,91,110,120,98,76,58,50,39
"04-11-2014",22,16,8,11,16,50,98,164,164,110,52,31,20,19,17,23,30,22,82,135,157,167,106,90
"05-11-2014",61,36,20,20,37,130,211,239,299,95,47,18,20,18,10,7,19,25,19,21,22,18,19,10
"06-11-2014",3,2,2,1,6,26,37,172,125,18,23,25,13,17,31,13,21,32,58,48,95,176,184,173
"07-11-2014",108,81,38,19,44,127,165,257,169,128,49,20,73,77,35,22,37,74,67,61,26,23,15,10
"08-11-2014",11,3,3,3,8,43,89,91,113,73,101,109,77,99,136,102,64,76,51,50,90,77,61,46
"09-11-2014",21,11,13,13,26,65,85,122,82,46,19,5,4,5,3,7,13,15,13,31,121,174,144,113
"10-11-2014",68,38,22,15,32,131,241,301,296,152,78,86,90,84,61,6,9,10,33,94,102,123,100,71
"11-11-2014",27,10,11,10,33,55,147,186,164,123,76,94,89,77,77,28,10,21,115,128,98,101,77,76
"12-11-2014",24,10,6,9,15,88,144,204,185,66,47,19,62,36,25,20,23,25,87,136,155,113,53,41
"13-11-2014",30,9,6,5,14,50,140,174,93,120,31,47,26,10,30,15,19,40,38,87,234,155,123,117
"14-11-2014",45,6,4,5,18,48,98,150,85,86,61,60,57,57,74,75,66,71,52,68,80,61,40,17
"15-11-2014",6,7,5,5,15,47,60,101,40,32,28,40,37,40,41,41,27,46,97,76,69,44,72,85
"16-11-2014",124,96,45,29,25,60,64,74,45,66,68,39,30,27,17,31,13,25,18,35,154,111,136,143
"17-11-2014",79,38,42,22,31,103,174,143,44,50,18,14,6,22,10,19,95,113,91,138,90,77,167,266
"18-11-2014",175,110,80,67,71,188,274,353,367,148,55,60,25,19,32,27,13,52,67,93,48,44,31,22
"19-11-2014",8,5,12,9,4,109,214,60,32,23,20,16,19,21,16,25,18,9,14,41,67,24,16,12
"20-11-2014",6,3,4,3,3,32,67,98,71,32,36,48,37,41,55,65,53,174,221,166,104,105,58,35
"21-11-2014",15,8,7,7,24,41,28,56,64,53,58,41,55,58,72,54,50,65,108,130,108,68,24,31
"22-11-2014",14,16,9,9,5,17,36,76,46,41,34,28,31,29,20,19,25,54,116,121,107,65,61,52
"23-11-2014",41,30,15,11,4,14,10,20,13,14,20,14,20,26,37,36,41,53,38,50,63,42,33,56
"24-11-2014",39,8,4,5,25,96,112,239,114,88,84,81,93,63,72,107,209,130,137,114,84,78,85,89
"25-11-2014",32,6,3,4,5,26,47,81,76,57,79,87,126,104,126,99,99,90,114,97,107,116,73,68
"26-11-2014",70,41,29,27,52,169,162,167,184,122,105,125,128,143,134,145,96,100,110,92,72,60,34,31
"27-11-2014",13,3,6,4,10,29,49,108,133,132,147,105,133,101,112,131,122,120,180,168,140,96,48,46
"28-11-2014",19,18,9,6,22,90,146,196,182,153,146,109,116,108,114,156,128,175,194,201,235,185,180,140
"29-11-2014",108,82,72,31,30,126,141,132,292,241,76,19,11,7,17,18,46,52,155,169,199,197,183,141
"30-11-2014",131,113,77,78,54,70,117,135,129,114,101,38,50,25,15,30,48,87,131,232,281,249,287,275
"01-12-2014",175,106,62,39,36,117,157,263,266,166,178,109,88,92,89,106,93,103,122,145,163,127,190,132
"02-12-2014",118,86,44,50,53,110,186,335,244,264,131,-9999,26,32,52,58,80,23,31,21,59,53,21,26
"03-12-2014",5,8,29,40,43,87,96,111,156,76,95,50,45,36,35,52,45,39,24,15,17,8,9,19
"04-12-2014",4,2,2,5,15,90,112,170,174,87,67,86,48,47,42,35,57,54,55,141,156,101,82,88
"05-12-2014",49,30,38,37,32,105,207,-9999,173,127,38,69,21,14,14,8,23,42,128,158,160,129,133,98
"06-12-2014",45,23,17,5,4,7,7,9,19,15,26,19,30,41,38,27,52,49,59,70,89,71,90,172
"07-12-2014",177,134,129,76,70,124,134,155,134,112,45,32,15,10,11,29,19,26,44,91,153,147,15,5
"08-12-2014",3,1,1,1,3,30,109,131,112,51,30,55,64,52,37,29,112,113,153,151,104,95,64,54
"09-12-2014",15,7,5,10,12,53,120,102,93,86,79,81,81,84,66,96,112,123,113,94,82,125,80,140
"10-12-2014",105,70,24,19,48,108,154,241,252,251,190,197,178,236,230,249,190,174,130,112,80,80,48,45
"11-12-2014",17,11,6,11,17,109,133,164,152,221,282,184,164,140,163,125,153,87,183,181,112,74,57,43
"12-12-2014",29,4,10,8,13,36,49,59,35,35,67,120,66,54,35,35,36,51,89,153,88,58,47,30
"13-12-2014",14,10,5,5,5,37,48,45,40,56,42,50,40,42,39,46,61,85,123,124,147,126,104,95
"14-12-2014",82,54,43,24,32,47,125,177,137,102,95,29,14,6,6,11,6,17,92,178,210,147,94,111
"15-12-2014",58,40,22,9,21,88,130,179,154,167,170,121,81,72,55,25,24,24,52,264,260,207,210,217
"16-12-2014",155,106,86,81,68,143,188,255,232,237,257,76,37,37,33,32,28,27,23,23,14,13,10,7
"17-12-2014",2,1,2,4,3,4,8,10,23,26,18,21,21,70,104,66,152,153,188,109,93,160,35,44
"18-12-2014",68,64,69,32,43,142,223,327,250,289,90,97,75,90,77,-9999,46,54,209,272,293,347,261,318
"19-12-2014",204,115,90,76,70,226,264,354,496,-9999,104,71,84,96,84,48,18,28,192,343,315,362,357,294
"20-12-2014",205,143,122,94,96,182,231,334,340,221,64,40,29,38,20,20,10,16,12,34,54,238,253,248
"21-12-2014",180,130,95,69,53,98,127,182,219,138,28,21,32,34,31,26,32,54,43,18,26,15,8,9
"22-12-2014",9,4,2,4,9,14,38,52,74,59,59,60,41,53,54,67,94,99,140,276,246,261,349,289
"23-12-2014",231,202,150,107,100,253,295,322,468,299,237,150,98,77,101,77,80,151,101,194,300,400,511,459
"24-12-2014",296,217,168,157,108,236,400,497,397,235,156,61,40,25,10,15,21,94,265,248,421,394,370,361
"25-12-2014",269,208,149,110,116,118,136,170,170,116,67,31,15,5,11,9,9,6,9,9,85,41,15,36
"26-12-2014",11,14,13,18,23,60,95,92,101,85,131,114,116,106,52,24,16,44,64,119,61,83,117,107
"27-12-2014",98,11,5,11,12,30,50,48,40,49,32,49,63,43,43,40,35,36,77,111,81,89,74,80
"28-12-2014",35,25,24,20,32,67,78,91,92,130,62,30,19,19,10,11,6,6,6,6,11,5,5,4
"29-12-2014",2,2,2,5,2,8,12,56,79,88,55,90,109,85,72,71,41,87,70,118,112,147,109,38
"30-12-2014",12,7,6,5,12,30,-9999,-9999,39,40,58,68,51,60,46,45,40,45,45,38,33,20,14,13
"31-12-2014",8,7,3,2,7,15,47,64,58,50,58,95,54,53,63,53,58,46,29,16,15,19,7,4
