COMPONENT PM10 (aerosol), day
STATION PIREAUS-1
20140101 00:00,28,1
20140102 00:00,25,1
20140103 00:00,46,1
20140104 00:00,53,1
20140105 00:00,41,1
20140106 00:00,32,1
20140107 00:00,33,1
20140108 00:00,21,1
20140109 00:00,29,1
20140110 00:00,40,1
20140111 00:00,38,1
20140112 00:00,45,1
20140113 00:00,51,1
20140114 00:00,42,1
20140115 00:00,26,1
20140116 00:00,38,1
20140117 00:00,48,1
20140118 00:00,33,1
20140119 00:00,56,1
20140120 00:00,39,1
20140121 00:00,79,1
20140122 00:00,22,1
20140123 00:00,23,1
20140124 00:00,28,1
20140125 00:00,20,1
20140126 00:00,11,1
20140127 00:00,25,1
20140128 00:00,40,1
20140129 00:00,17,1
20140130 00:00,35,1
20140131 00:00,32,1
20140201 00:00,25,1
20140202 00:00,23,1
20140203 00:00,30,1
20140204 00:00,26,1
20140205 00:00,34,1
20140206 00:00,26,1
20140207 00:00,20,1
20140208 00:00,45,1
20140209 00:00,28,1
20140210 00:00,29,1
20140211 00:00,42,1
20140212 00:00,32,1
20140213 00:00,27,1
20140214 00:00,28,1
20140215 00:00,24,1
20140216 00:00,41,1
20140217 00:00,45,1
20140218 00:00,48,1
20140219 00:00,38,1
20140220 00:00,23,1
20140221 00:00,34,1
20140222 00:00,28,1
20140223 00:00,23,1
20140224 00:00,23,1
20140225 00:00,22,1
20140226 00:00,22,1
20140227 00:00,33,1
20140228 00:00,31,1
20140301 00:00,22,1
20140302 00:00,22,1
20140303 00:00,22,1
20140304 00:00,18,1
20140305 00:00,36,1
20140306 00:00,47,1
20140307 00:00,23,1
20140308 00:00,21,1
20140309 00:00,24,1
20140310 00:00,17,1
20140311 00:00,13,1
20140312 00:00,28,1
20140313 00:00,35,1
20140314 00:00,35,1
20140315 00:00,39,1
20140316 00:00,35,1
20140317 00:00,38,1
20140318 00:00,37,1
20140319 00:00,35,1
20140320 00:00,29,1
20140321 00:00,25,1
20140322 00:00,24,1
20140323 00:00,26,1
20140324 00:00,30,1
20140325 00:00,15,1
20140326 00:00,23,1
20140327 00:00,35,1
20140328 00:00,30,1
20140329 00:00,18,1
20140330 00:00,28,1
20140331 00:00,27,1
20140401 00:00,30,1
20140402 00:00,38,1
20140403 00:00,39,1
20140404 00:00,28,1
20140405 00:00,36,1
20140406 00:00,52,1
20140407 00:00,32,1
20140408 00:00,33,1
20140409 00:00,37,1
20140410 00:00,27,1
20140411 00:00,19,1
20140412 00:00,14,1
20140413 00:00,21,1
20140414 00:00,25,1
20140415 00:00,26,1
20140416 00:00,25,1
20140417 00:00,18,1
20140418 00:00,11,1
20140419 00:00,14,1
20140420 00:00,23,1
20140421 00:00,22,1
20140422 00:00,50,1
20140423 00:00,65,1
20140424 00:00,48,1
20140425 00:00,31,1
20140426 00:00,27,1
20140427 00:00,20,1
20140428 00:00,21,1
20140429 00:00,20,1
20140430 00:00,18,1
20140501 00:00,16,1
20140502 00:00,22,1
20140503 00:00,20,1
20140504 00:00,20,1
20140505 00:00,21,1
20140506 00:00,18,1
20140507 00:00,17,1
20140508 00:00,19,1
20140509 00:00,22,1
20140510 00:00,20,1
20140511 00:00,25,1
20140512 00:00,27,1
20140513 00:00,31,1
20140514 00:00,44,1
20140515 00:00,19,1
20140516 00:00,21,1
20140517 00:00,18,1
20140518 00:00,17,1
20140519 00:00,24,1
20140520 00:00,27,1
20140521 00:00,25,1
20140522 00:00,41,1
20140523 00:00,57,1
20140524 00:00,48,1
20140525 00:00,44,1
20140526 00:00,45,1
20140527 00:00,44,1
20140528 00:00,38,1
20140529 00:00,45,1
20140530 00:00,25,1
20140531 00:00,21,1
20140601 00:00,18,1
20140602 00:00,23,1
20140603 00:00,37,1
20140604 00:00,32,1
20140605 00:00,43,1
20140606 00:00,37,1
20140607 00:00,45,1
20140608 00:00,42,1
20140609 00:00,35,1
20140610 00:00,43,1
20140611 00:00,36,1
20140612 00:00,38,1
20140613 00:00,36,1
20140614 00:00,38,1
20140615 00:00,36,1
20140616 00:00,39,1
20140617 00:00,37,1
20140618 00:00,32,1
20140619 00:00,48,1
20140620 00:00,23,1
20140621 00:00,26,1
20140622 00:00,-9999,0
20140623 00:00,31,1
20140624 00:00,34,1
20140625 00:00,41,1
20140626 00:00,51,1
20140627 00:00,63,1
20140628 00:00,33,1
20140629 00:00,-9999,0
20140630 00:00,23,1
20140701 00:00,35,1
20140702 00:00,34,1
20140703 00:00,33,1
20140704 00:00,31,1
20140705 00:00,28,1
20140706 00:00,37,1
20140707 00:00,39,1
20140708 00:00,44,1
20140709 00:00,39,1
20140710 00:00,32,1
20140711 00:00,36,1
20140712 00:00,22,1
20140713 00:00,22,1
20140714 00:00,32,1
20140715 00:00,-9999,0
20140716 00:00,-9999,0
20140717 00:00,-9999,0
20140718 00:00,-9999,0
20140719 00:00,-9999,0
20140720 00:00,-9999,0
20140721 00:00,-9999,0
20140722 00:00,-9999,0
20140723 00:00,-9999,0
20140724 00:00,-9999,0
20140725 00:00,-9999,0
20140726 00:00,-9999,0
20140727 00:00,-9999,0
20140728 00:00,-9999,0
20140729 00:00,-9999,0
20140730 00:00,-9999,0
20140731 00:00,-9999,0
20140801 00:00,-9999,0
20140802 00:00,-9999,0
20140803 00:00,-9999,0
20140804 00:00,-9999,0
20140805 00:00,-9999,0
20140806 00:00,-9999,0
20140807 00:00,-9999,0
20140808 00:00,-9999,0
20140809 00:00,-9999,0
20140810 00:00,-9999,0
20140811 00:00,-9999,0
20140812 00:00,-9999,0
20140813 00:00,34,1
20140814 00:00,30,1
20140815 00:00,38,1
20140816 00:00,27,1
20140817 00:00,30,1
20140818 00:00,21,1
20140819 00:00,21,1
20140820 00:00,25,1
20140821 00:00,33,1
20140822 00:00,46,1
20140823 00:00,42,1
20140824 00:00,37,1
20140825 00:00,32,1
20140826 00:00,30,1
20140827 00:00,34,1
20140828 00:00,40,1
20140829 00:00,33,1
20140830 00:00,19,1
20140831 00:00,20,1
20140901 00:00,26,1
20140902 00:00,30,1
20140903 00:00,24,1
20140904 00:00,20,1
20140905 00:00,24,1
20140906 00:00,21,1
20140907 00:00,24,1
20140908 00:00,24,1
20140909 00:00,42,1
20140910 00:00,45,1
20140911 00:00,41,1
20140912 00:00,36,1
20140913 00:00,34,1
20140914 00:00,29,1
20140915 00:00,36,1
20140916 00:00,37,1
20140917 00:00,27,1
20140918 00:00,31,1
20140919 00:00,36,1
20140920 00:00,36,1
20140921 00:00,37,1
20140922 00:00,72,1
20140923 00:00,91,1
20140924 00:00,29,1
20140925 00:00,34,1
20140926 00:00,32,1
20140927 00:00,16,1
20140928 00:00,21,1
20140929 00:00,26,1
20140930 00:00,27,1
20141001 00:00,36,1
20141002 00:00,31,1
20141003 00:00,38,1
20141004 00:00,32,1
20141005 00:00,35,1
20141006 00:00,32,1
20141007 00:00,41,1
20141008 00:00,39,1
20141009 00:00,34,1
20141010 00:00,33,1
20141011 00:00,30,1
20141012 00:00,30,1
20141013 00:00,42,1
20141014 00:00,44,1
20141015 00:00,55,1
20141016 00:00,73,1
20141017 00:00,81,1
20141018 00:00,48,1
20141019 00:00,27,1
20141020 00:00,31,1
20141021 00:00,34,1
20141022 00:00,35,1
20141023 00:00,34,1
20141024 00:00,28,1
20141025 00:00,31,1
20141026 00:00,14,1
20141027 00:00,-9999,0
20141028 00:00,-9999,0
20141029 00:00,-9999,0
20141030 00:00,-9999,0
20141031 00:00,-9999,0
20141101 00:00,-9999,0
20141102 00:00,-9999,0
20141103 00:00,-9999,0
20141104 00:00,-9999,0
20141105 00:00,-9999,0
20141106 00:00,-9999,0
20141107 00:00,-9999,0
20141108 00:00,-9999,0
20141109 00:00,-9999,0
20141110 00:00,-9999,0
20141111 00:00,-9999,0
20141112 00:00,-9999,0
20141113 00:00,-9999,0
20141114 00:00,-9999,0
20141115 00:00,-9999,0
20141116 00:00,-9999,0
20141117 00:00,-9999,0
20141118 00:00,-9999,0
20141119 00:00,-9999,0
20141120 00:00,-9999,0
20141121 00:00,-9999,0
20141122 00:00,-9999,0
20141123 00:00,-9999,0
20141124 00:00,-9999,0
20141125 00:00,-9999,0
20141126 00:00,-9999,0
20141127 00:00,-9999,0
20141128 00:00,-9999,0
20141129 00:00,-9999,0
20141130 00:00,-9999,0
20141201 00:00,-9999,0
20141202 00:00,-9999,0
20141203 00:00,73,1
20141204 00:00,37,1
20141205 00:00,51,1
20141206 00:00,45,1
20141207 00:00,48,1
20141208 00:00,-9999,0
20141209 00:00,32,1
20141210 00:00,46,1
20141211 00:00,22,1
20141212 00:00,-9999,0
20141213 00:00,41,1
20141214 00:00,51,1
20141215 00:00,59,1
20141216 00:00,50,1
20141217 00:00,24,1
20141218 00:00,45,1
20141219 00:00,-9999,0
20141220 00:00,88,1
20141221 00:00,53,1
20141222 00:00,43,1
20141223 00:00,96,1
20141224 00:00,123,1
20141225 00:00,83,1
20141226 00:00,49,1
20141227 00:00,32,1
20141228 00:00,27,1
20141229 00:00,28,1
20141230 00:00,13,1
20141231 00:00,12,1
